772814584
463846089
536744811
153152805
814338663
859771170
118344669
739417505
359117958
69379107
576437459
912172076
940898062
865256776
419943504
215607137
533219448
409182351
79597284
706233893
167853391
182390012
516694419
566139751
399581497
215736312
797056188
786598647
693248675
525492974
376808388
937211746
787486158
698963392
997544280
494152367
186436261
82100404
16456906
211198136
628087274
866226496
424335913
51550551
347254668
641281245
712986905
650498292
391576109
748746490
385245642
761361622
150752309
716024285
291318300
990954048
974826818
975862158
563947801
472677945
918754393
868899125
892060134
693197458
963845513
275053244
649893354
445780258
232922589
424330964
505409118
405317233
825637947
643440226
434919995
622637292
107119133
321269819
567311986
447462409
650425326
461597520
790314659
130437696
442124221
326698441
445329426
740668836
231823711
140237009
459788299
122649542
790910115
824673254
210533009
979454843
994460624
320492198
653547229
669253914
443381842
909873398
244399465
447170720
619907849
923643517
209534056
711729949
813635332
576226196
59108311
36667336
116384428
118902461
229982849
418162062
706112512
234845046
613568531
789928549
84299605
876636708
860268051
954341848
76676504
174005210
577843651
49311710
583133028
526162232
61801861
706156988
98741510
760155927
1002007224
339517292
329915243
555261747
625713204
192673308
213550611
192490624
223137334
777698025
244052001
689692195
350133765
23630712
387251586
856400649
513156362
743019203
500119571
286908288
284866354
326578836
560021809
550393513
500739043
987182786
551993794
469158372
328267106
318771710
222960914
558334799
646537482
659435145
778873370
9954843
225728056
699617427
988307275
20819418
815321182
822588647
530029153
813847590
740300400
505342422
515592340
845054839
881568527
1002728924
800354219
418802390
634127438
269803279
785858013
383029877
851554155
697366186
861228918
101345481
640298278
130956717
711237008
342374959
973156423
349590745
673632273
30775552
568135260
663915201
194679954
829856227
533796139
359204705
699662029
840057569
244506637
568113564
984430356
356374351
280753863
650737443
856438991
307213828
665994678
701618812
134656823
237803537
279320299
717296668
184348982
275990084
742799960
20699959
306271105
807685598
901100585
792117183
454578492
841851654
663757789
740951927
213422015
743445645
332595933
155914592
678558685
993513171
762500101
106238476
367375632
316163202
862235198
603648759
770502206
821924963
467538665
877455929
989640827
199702591
813845369
252961985
705135283
765869868
264204583
868116146
746159350
477991228
638227538
970769574
423847257
873681533
525425369
335698305
824499556
467371860
375846233
831851177
50352991
699042503
891309644
581912607
534236831
475015693
247101733
895518073
566578174
472041850
779535713
20872692
930762563
590869477
396838625
967600352
738865359
902755037
222040488
20447085
656468262
377921587
698159635
902039010
296989018
686145167
857651467
959762182
160115413
930322875
909589817
538691759
243349897
86113463
831878325
509157239
929943870
904258406
878478009
507660308
99203376
84169377
100366549
866722132
395729275
188821875
853839080
486768894
46041753
240212742
81199103
949041952
813828865
334826552
817873981
553904733
443287646
788925633
317958575
256453508
57294134
578929928
810829358
160407966
381434882
534856107
857005264
834104618
503910200
204926190
52826622
665068799
350767721
534075513
387161940
95862107
88820502
261792730
210962003
27142808
551819571
544771948
623858126
930045251
498977031
26178441
429531391
281354093
638106305
419340563
152968301
846417958
118372053
419673992
378509200
544846223
78177820
871365118
377342958
971233222
559516021
595819156
20180803
218444488
744280568
349406779
304944481
894638413
112848981
523077230
881881819
779135834
528127301
509149363
644990695
11939116
614659652
646506511
422608372
452671796
369876930
776549080
688296738
583709751
864015763
36080771
450619698
862497418
954926806
725536747
632762898
843949094
79474426
108835029
655696091
212304627
354543160
597581264
633010157
475799315
372385473
351522270
126586238
717018478
743266302
230321076
857337618
662324398
672061207
220878938
860839882
51824279
255514058
419390316
817909322
891311960
584512122
789143233
657140778
11138751
368622029
506709619
739958081
346667681
275479638
146968932
635133655
151254764
601103576
974526354
78728691
366559911
168627239
218832527
616219467
210076071
175368860
570672469
208451368
153518030
52077392
263428748
983392396
130887881
362603025
54425284
825991419
625751798
733406453
714962749
739909892
966584985
174065671
738833760
162119595
701070923
201657792
487109360
550376275
15428704
681985564
874536386
791038304
40477853
941912198
326847974
419268714
701769064
469547792
850007525
794021799
64719883
89119127
899649466
687130930
513004344
139106073
38541439
815318464
321278966
496834385
313007631
684467095
81423695
998012519
611703381
350793350
804713880
561492787
309708769
885095461
968198090
329935383
486706476
474766231
948531393
513798589
335573882
6575317
895387533
598212443
322132488
367721159
586369772
386201682
838084712
784854850
86884808
379576295
162187696
683518100
681597176
692932443
169474924
501509124
243602119
497785487
56976503
528448
745461796
323531012
882697846
980559754
629952144
121176604
184939802
911011036
75102050
287613811
814724751
43286487
84887864
659921413
522387766
717350820
779371606
431105834
415591228
554533843
295140046
309851451
674828040
549777253
319810221
840606524
161184222
186097970
116104974
367393845
727938742
919658928
819057135
189713116
821889325
525924870
804775410
576477776
708796540
456947032
767867095
857055209
48681569
242186200
436254091
574673491
775631047
842318652
127980125
819318354
651059349
307233903
47868414
422522742
451292873
343978265
205527589
356064220
305437432
588617858
361058934
185869662
296739370
289276009
245466355
881908810
745166382
875904093
72898844
85368400
55014848
194528873
861108491
470101890
353232682
515235486
81962351
555142730
791378199
522429010
256866990
427374343
833807794
765300521
741664251
614763991
690197783
534683994
795888480
634632557
685325812
353553558
910294856
634778294
934151782
700257859
7224519
494137407
343072503
495552732
17783758
56895456
434461204
32420896
522270881
891763097
38176214
778891100
69599639
84849179
53032827
778723803
478460926
246275691
954388661
812079356
897619037
284036406
533551630
439317140
390561169
955408831
773951382
255489531
780128141
381100715
300519375
77045991
21938852
550861523
821787173
303658201
185740131
501021819
777491621
369985501
225243644
165516654
754187439
898988686
158303756
164926859
846691492
176282303
225343139
622327683
891360774
118279635
295247820
293503410
223433629
752786663
203727208
64462239
622605861
748635572
413210850
806777736
408248557
324059453
85625296
249524474
878703301
214419046
272939413
662520738
727473769
791418274
963359347
505645281
897216422
317976806
973914187
437934922
720831932
599562772
280490794
499242974
491059441
106983463
314581792
348246297
670534549
523791038
773025208
341490600
152747247
884612231
382472445
35541463
557065046
611289462
621533892
603845940
860470330
646729301
608553771
806993360
391700614
297646917
446204374
444377632
331248677
712655434
32817533
201531963
591309181
820475981
11692606
418239047
494316165
452210833
97393581
634274073
172358668
299530338
218483663
455894431
238233974
826572234
45816883
696898837
561987497
274650110
794139570
447168586
914129681
938327758
290699718
249250799
607633361
786014916
647942866
483830072
659430208
624213786
152481727
829531296
238366042
345498417
107788424
33239016
568826833
46228106
682223128
820890287
547286314
930657207
273216231
579275464
234042618
823394099
14945848
135144124
553084431
159319112
920856770
477107317
614741135
178227664
367802550
462786510
381255401
171512833
871777246
837702215
459479432
569274140
254474595
41429681
923004637
104767073
373235381
231656810
114432433
982525560
101324135
344776535
324487527
449127941
559582446
715376487
519929905
992766693
497846622
334716690
49173270
145012981
657358165
452557026
593099807
32865801
920147844
253639154
953109387
784031701
747895353
785219273
554938205
25736459
674696382
551933291
325429351
415275048
584149811
34647087
517389647
188867705
381244322
364679729
273988581
756306952
697558533
736560632
9905903
462109405
84416287
326247453
274891784
290463837
338348533
841314520
272031029
287300400
927287644
1004849475
11095241
825361680
957724772
828606769
160129587
725181556
765524574
455414379
118266857
355578723
411810012
609337345
109164072
563166617
281510105
336495665
683764654
88744685
467039145
859624864
548396285
972599101
998654746
755464100
751106499
316792871
573902256
340381687
690422304
814248602
255396547
913381774
451713229
62854289
98631324
641158536
326664536
705680582
452700573
116306082
675655787
280123029
1005991214
187894401
247596165
972541571
607059185
34116997
227783389
936726475
936816568
88871144
576893490
227040785
914866762
352855925
234037555
136725043
807489729
924468589
95951254
30485498
658939502
604658928
634250612
187064458
793679234
110419293
634352040
120878443
62974224
894289838
106695275
1007941855
254920842
388412481
571165171
601263067
342545880
523431526
654486237
529970217
897179357
275917015
205248975
794495234
811830991
226543467
282937505
681539225
33162610
473848358
390289143
432353267
427868129
361645048
757164570
797335391
168527637
608976571
47119466
820782753
837538369
826983387
573018907
541135022
565106975
538044169
174019091
885901189
346037254
206539303
410395817
769689578
646120786
723939180
435383463
379694426
514355235
102522319
27586827
210394527
618411845
443999236
467254674
37673239
892815403
684248453
427785643
140766576
212684641
409792018
702468062
822157478
538709749
251457819
666910044
120373156
42582935
292758263
540577824
522614355
817435264
652571516
398654669
212858043
628766832
625799940
508412510
837227384
116186990
396520724
125686191
440477296
776620946
603308373
878690058
572295011
838947417
558502499
751977735
997597354
669489057
565550130
815519346
425635760
838883885
550371587
785488348
319823333
944326440
234516002
491652019
270905364
522140887
849081356
997742021
833672030
246414339
772165294
130968972
422079038
42194006
236994983
221268794
423066175
379705228
836166644
143066422
339424447
643841402
239430359
692817682
954859457
873319459
956817553
71751661
4890345
637326128
690745772
487997749
280918103
257016594
216999379
619326094
565693731
566473961
961700973
270897697
296082221
328948466
314038150
146185051
465380432
965795117
430127889
227709524
361666560
239747416
899720215
522899303
223334990
211094070
77131282
883875065
368538119
656027744
486451879
475178092
337841415
963543608
49530587
509697368
43568206
301207879
137540279
602943161
489797616
368829514
320719925
458716638
293581832
777801325
443212585
951265013
614444138
824487132
47803442
194405849
652208863
868278956
352657447
786237874
663473990
86330754
751141439
557867948
335885311
477211397
784911817
189447211
607764618
775454771
172693709
146586506
764521463
442368182
801712519
627949495
446958731
795647925
733353438
715472755
812261571
613329505
137910616
532409652
634216638
633685782
491566543
504464631
311377355
124222514
746770496
758148196
191538093
831218702
612257199
902065457
639404717
648123800
625036335
914907792
329645058
906083062
777452734
852374815
942271017
577059956
617096721
963245561
395417125
39751344
684093929
352800278
485496384
923736269
402468276
35540269
753013389
944484447
871890714
392317430
639940688
272105844
577892233
890440449
921981397
411917832
322372673
949994173
751403436
414075024
811289353
358240200
610851804
220641037
284020289
485730803
154450425
501043755
478922489
600064363
205632405
252108639
37311543
8948165
63440254
736729329
176682423
907212584
235161804
465235814
804779879
327631027
232460987
623765626
530518396
599125757
482849346
936743128
538902736
767436686
258869941
780151948
342078668
802234502
890879761
270101936
16531988
659182862
68135510
253407419
74410050
684692129
52190504
523701374
560272851
607840237
962606036
801874621
144983334
119406517
269487447
619728946
49718238
171151881
554753009
886559731
170760034
424737301
430968540
501954646
231394440
441225866
326632594
274294840
469210351
277044176
907260749
705074739
828411768
719429210
574796815
520277197
699556432
461159735
695203975
852729335
953247651
427269096
290997357
664426754
604666061
91917491
197923672
873919224
435601153
443204900
463944105
705583158
987597027
545095376
799933181
868270170
415235470
549271822
43402381
629900762
411596933
75693306
535000249
627959830
234739574
469151634
887244054
608131627
95709060
131507517
694575826
943477222
393834153
337333361
925736397
62344451
140538943
382622952
983673413
25866087
42849696
999430450
849325250
312471105
223592378
940238055
892115132
17697123
448481136
843586797
415894110
35146935
128479123
538735260
85857103
393808209
74100547
313885964
876320740
572735891
411686294
647118161
784402086
103693022
525836535
307445359
912132450
614031893
779534833
539030480
563505444
32666719
816117871
92923130
864375956
365097944
905915125
190435001
781241814
389363235
392692244
165111068
360577048
968141647
71653694
42278035
385437482
766016877
663419275
1230046
968089461
106877315
734333623
849702817
833032829
931195234
385994181
242423851
543159655
835160083
663856939
745943809
713931048
930057711
336339884
419027062
720022146
346883812
960155377
963206327
216491584
965449951
534802627
559071325
950959977
707722836
213589640
123717131
490717264
900723751
421623609
621984361
234767776
388519115
282861996
698747124
459659534
820180724
128819899
423170174
952686942
313004394
621843941
751594166
890464105
680176532
441646254
267959445
13807216
524401309
281842958
575738011
814417168
864485415
736480132
492146505
187678778
781595052
478761829
669217334
507533246
527677984
908510117
934100200
83622863
471174039
801964632
729072063
481545040
408092969
250792908
212760943
882074984
520895685
121964845
81292432
593152963
52736484
556829541
295112319
667143179
795192794
474829745
87466338
289285214
146326813
230963573
235551170
108912135
916096279
692628643
957650156
497055889
980092902
807745110
233158329
696058126
135937876
310545045
417012360
23790074
533933248
103297896
992827956
712215685
175764944
706421178
333008693
596847844
939514940
670388419
558616283
39847797
34807823
339161349
78216254
233156808
119806065
636917842
958280571
965969987
667623569
112923413
166414293
499532535
958053547
96323935
222946923
830335064
122799344
276202515
943247601
116939064
903164240
126264646
460697593
549025450
238024152
385714739
182079946
375351136
992163177
664230564
589611627
240461797
805161678
674078047
479629871
169429242
109008964
882676882
890205627
385625628
599998193
587241027
804930526
37563705
787625428
232392345
556075337
99837810
842234626
512076558
932425362
768102944
582530182
702267882
534384674
781892235
464243023
978899980
273603584
157785040
353681943
974531630
395256466
988169745
68263078
841972545
760861675
31924071
973305078
29948293
663592832
667663732
142347161
178699570
668218210
547592495
70002880
130624923
173025989
259124735
397694417
573756904
493286399
882607402
764412348
829145256
209915241
107760842
902507922
892442857
502306932
373222955
391648089
77416253
279843453
250720029
601600247
298976436
346110701
415307104
688594868
501348900
180120115
924384056
259670390
247190475
287034002
155171796
660174248
337810572
897745062
306285638
196574375
992335749
318258871
493771102
895049325
138672093
929594017
141322408
265825692
787078884
270018012
608338144
280513347
751958086
439522625
57497009
526395695
417866764
984268140
701909155
252345617
203819549
285243859
402696989
655006774
184288783
760313330
780791187
386776351
548290836
59648852
229415347
878291099
259998609
391112411
329364727
246374136
85978219
428939439
190473397
619971852
105206644
215132468
950355976
523951021
680447745
984423924
312336664
29365029
239429140
916452811
694263959
555722507
158092400
129606227
653990116
280771772
751219822
175936243
677611971
659196092
98258798
81108278
345284632
452615796
156176853
452965500
585322971
222959249
638207034
100523860
238520976
193181662
546246784
667736684
304839277
896757029
130262209
952167649
8605082
328462213
147301827
87106045
420450934
967525266
801763086
534880879
839693717
500754105
129121341
757319194
734208384
195767151
114979225
354921252
946819298
655800754
519984462
172630493
642293025
876851363
283839365
189608088
256648298
972135372
338561354
131651200
656665492
709290758
529514671
576243712
402407720
757781430
178430789
158040079
559933078
129127030
475410008
123735183
188470272
596478808
758759644
475135959
934059887
745499340
35494907
768023225
248663988
66556782
479198504
213200696
191053285
740451364
13117122
489409223
952097022
321713580
154816097
82746437
357002524
865987948
708531178
839991860
102709753
735767824
522280860
231161830
83276950
96632158
506246751
117055785
830199598
595183321
435585932
343763441
109312328
907293490
329673466
225319543
693728626
985523393
387924597
468715263
959953879
506304379
509265503
610536711
688565052
84986665
73397245
789931324
492922318
479498984
613941262
912094650
833338821
462060453
281060369
466079838
867466399
991244134
525629034
840358004
841824265
565238547
811987972
899727052
96433270
714273537
304388891
768484951
136481621
949647487
679441742
752372088
177058193
751252924
908385280
205566677
526240021
343893126
735493588
598355464
959365363
324719348
131420433
74500660
286155571
215133445
190098597
542664195
487537510
78001684
472008657
984637115
14871978
6340371
277095046
632088672
191971720
455674401
843913733
168411869
274190930
151230730
958119616
840147152
593752491
346144003
717758681
822836146
28506082
485165090
840520891
236132956
246908395
330587500
428362392
12870487
793916973
982573081
614898969
639634623
819372723
273303796
132187603
24339199
667946871
612338348
727335703
997418323
67054761
98248821
928612958
863034143
916774857
318204675
356267402
1000749875
643920055
482917679
306798688
142176980
559927771
886678923
643059982
301318253
203732827
590301800
356237155
893009586
846362379
704755782
134617125
304805943
875000535
535693949
734786433
730198764
568947043
481658755
71298996
345712814
991514392
190231804
827061612
616469553
508300004
370489655
573576442
936421435
325229918
10318218
567405212
299185854
846194760
463708066
589670515
322886477
303104264
83101631
27160053
454321936
36659214
430227806
240557928
24850875
313251149
292620017
971147555
199782519
698011920
84433444
818329659
724912667
366662961
161600923
514243097
717918352
748090345
893045859
245399708
440551347
208260452
311184701
115181811
604534473
975704244
82527990
956430201
342244440
111437597
226991839
82060817
339197358
477003079
907280253
960718213
510150541
882424213
143576802
656358562
257904496
335400924
171911440
870402541
433152616
765318460
173093543
251700961
619411022
776684867
146879752
438262589
269123295
144283991
194811585
907237884
71910901
894504966
771584198
25198072
908211143
734776070
215049742
946319907
451642310
458171498
739665325
569962142
163069259
576629287
540345237
904269326
361981213
332359693
344979702
795401119
464531570
616184894
349934370
396319554
875752414
410368207
875438988
200608479
583304451
749119875
85208947
293103131
966943602
903080152
900601668
597916967
627296170
926331153
326083733
614671578
596784488
141031692
457017013
666652975
984378195
997696082
46003898
613251870
672085298
457201779
576205431
693874934
802505142
818189168
403292663
198147846
701613580
860964055
868421823
972426696
545476261
666084231
338390766
369063067
323404481
787795858
415260474
473131018
330952270
495917531
47984832
888379755
666634999
752181528
618763557
535011649
928656414
592796417
399577235
548042573
405165474
259425624
588052353
624807094
941435844
969676409
770919446
830787267
997868097
847078430
451722004
369228504
583695655
737288606
8719471
137792936
846710677
39400490
299623211
925110594
84480075
58026854
850993823
992508642
204407379
862338690
816803647
74881534
443556013
203267730
740979426
73833958
514039187
151261153
738235865
990255161
321383163
379877950
461414251
895198864
655796984
671820405
955295150
848931564
115186211
770612660
607348952
737636236
117861018
595952417
996916071
923948477
733409927
696998613
962457645
580561948
222430328
770779374
365091037
800665423
822060065
669621648
129022792
141490942
460500280
811041274
90497994
726111859
923070322
257806307
682618557
918397429
431630766
799353781
718619228
993485012
382597280
629628709
985786838
171051935
70338527
327446211
27956795
336199043
615039538
60468854
29231725
780415560
912822606
621090179
109029725
412871167
657807738
653731318
507953747
589169249
917872326
61516905
60188115
754123213
995166119
4945728
840284851
65829564
160113951
55200276
597258745
793260770
145568281
764587270
210205985
888100148
261581432
516238582
699779837
386344761
933881818
429684120
181935437
763982043
273190266
248454305
13273932
922844910
608098100
169484957
934096400
746241545
504782036
678236831
849547317
486120020
537901324
821208610
43243731
638953703
534365319
933046509
973292692
161037310
412037133
394408158
736881281
459168235
651522872
840644544
30178858
212190009
588436733
889383163
85316102
824194612
283879833
298508386
934337354
885537069
633644084
345725918
357294789
114027694
525191045
869819979
822267665
129032315
856446164
736825745
349072389
450012835
848625759
290412567
610318822
764603596
30622229
818192026
903958957
894970662
198542900
120153966
619851610
332076835
51562556
361116737
677060115
830560189
873971229
204490689
513153040
45235586
447318582
399045030
714371208
553572744
473705173
251925497
419931654
73863983
30303711
790713011
153336568
816370089
639779752
466845452
756788562
196801768
472887714
914005770
189151728
692176663
372519623
45850983
865615860
206329282
374489712
809453720
878145854
946674682
237013176
505809118
623036673
557950791
654788619
845693842
267752901
288970062
882125164
393700382
946337835
89329899
686938624
67019586
373138222
836208359
389142843
427821378
224829077
248643579
301475265
637314558
436393588
502041581
28153642
519805048
820797064
91406285
162925965
881748814
427744643
274571616
169278242
895508601
869298869
494812957
941986943
773946403
364845649
615890892
826113003
703889458
581551591
160000093
102309710
336947685
454585177
646036295
913329883
897310730
577413287
263644870
272912371
684143843
420012198
517444945
129494747
885030876
735788731
360106403
312154958
39038781
385651338
219181279
988024588
567737076
393530564
726608943
518483154
887903155
41924190
894586540
996038108
154487784
405292743
543540840
960205272
50635353
511228294
89607979
606386253
622630249
399855621
891535462
657122107
941828461
641284202
716594293
31796337
114807312
170723507
197006705
579521683
539503472
486428217
985071305
281075864
302051965
792630116
43870370
717874102
640346908
489220540
402055069
680178034
904895241
386604603
976106721
223885533
254922187
894792751
120287784
992837151
408616503
521699997
52786570
511730945
997787685
390960895
72307830
663105093
707001971
608056959
647872464
598579318
717066109
731024418
584728834
791620302
441013042
883373064
308104194
793766237
281628174
736553166
378000894
600645576
780546651
747648457
496066103
646010804
819239778
554363533
162299332
594534862
55496680
943275355
841531061
464965205
992733958
297669582
147572922
923317064
459000186
286907776
598531577
839395907
371442365
101163937
601869644
341656024
30713597
326099707
172718043
479652507
522926545
109353916
269551950
928625431
303482764
530230948
530902459
753893528
207957249
970727090
260531032
14116232
837083461
535731844
789627697
428216126
911009933
966060569
882108359
638945958
367361047
900902297
122047884
814711599
143895845
490131419
174387071
373111768
653479386
806646434
947218977
701998870
929343695
98301496
579923546
273451404
650047055
792073508
870848041
747331442
409792439
910542590
315604101
707904908
425830675
162740634
297152899
711019507
820496682
755966560
724381451
638631753
838348720
129514856
219377004
395440064
129355957
854564138
869460252
537972529
614963924
424562721
450300938
224541048
442806666
274542822
829088248
498969227
365647872
906616577
120226243
884887274
177577019
935655258
828508278
835430020
758645605
357927684
499914518
828605928
118343349
69224979
108228129
439620319
496640622
932379640
341137931
130395152
28948538
630465189
477846251
206352612
637736706
296445236
833928648
109283217
730786474
979167075
186451878
173592823
951979751
228082616
60298559
779829123
503518952
291367803
175973849
858411754
137324375
430658551
898678142
307437273
300216101
860535644
752616331
432569901
554675768
344738012
658186683
756424377
513895138
475363127
141098170
123598857
152977362
411271254
123483220
777771161
667055649
590435608
76014268
384484449
45711969
406454112
552908707
38216729
16940310
776870810
902042246
540518885
803809318
988239519
86349548
162361820
798746097
356260385
252825482
869762539
13448245
946321652
543890997
455770674
920757272
904969404
787793010
964803771
981005560
446020280
981043441
540999871
651481961
577270210
644109757
256406084
310827001
52756030
575207408
417886793
811148345
768926590
585388090
710204116
926200731
378218377
684554357
909800449
394506922
55221519
514587286
846394044
905815668
873602317
930915405
543631412
274238534
616242428
656621310
949652510
939782441
777413389
850155311
198909436
692180227
110777265
450729553
284049890
996610590
693241511
174507924
605353127
297328732
354568191
736769520
184624423
148796964
717367332
56993208
762815682
944938033
974348007
121955868
160845589
719953205
768895386
745457324
267656195
584322132
636134378
737435040
770429273
746311230
111564242
285870428
617445473
188535544
285947848
914395421
883149234
846747400
761260333
928772846
352491820
668220990
758302664
46689809
519031292
892470080
234523230
42189078
70874448
942832487
376525321
394967220
272183600
918777420
789166871
873168980
384580936
316018764
435261806
789819811
649969268
154152542
566982883
7522870
88794290
473794933
383901020
184842742
944744056
82803610
90844231
986090846
454407932
46919934
731640806
221950109
884696676
650615195
134630023
866495168
494504719
525458213
34854043
57392082
799897192
181469652
189699151
344638505
468912984
599869936
343894353
430625418
134962709
797698421
235892507
256694897
488357911
896344883
268829996
592004630
687964877
425288026
681346626
223727777
956275154
607899414
696154225
817006907
499153369
869408258
99880929
1000479543
238283768
772728253
673716321
636779466
176971541
725143425
890268086
25344400
460165962
844174747
475707602
394582267
751178356
251731472
179343853
845554127
296588656
177305457
873348654
981924729
501745544
292690204
450023274
99862386
124659528
723172865
94655807
104918609
667970629
47511577
693970037
159730835
29657179
90200800
279571710
79964395
687595440
116333677
247565085
232072039
485640299
608909279
925398786
269845404
433140125
382038402
509837521
996537543
609595625
706023269
239019568
327090077
660454111
797094540
176729645
675688086
299309767
783487363
791091661
444176180
332944454
673912940
317134427
395558859
310680641
843927118
765269178
572923757
687283339
376222177
921640593
108955192
292181534
238224025
8647244
137384597
26382529
300119846
558544643
121989516
477473674
283840321
72165491
232536954
53218117
433736177
827845135
189183988
616657739
760842359
832440895
180622351
942861126
161331140
947010559
727548200
700162793
387314091
883333562
170487005
461870739
877862733
834580054
405938663
489309294
952109964
167344369
941948785
810798993
78767270
14768073
640675183
22141331
315845924
21229830
859859960
296587076
595223520
400965442
596175481
933451845
117243659
157775583
472134377
685648246
895019263
803475768
37137616
496208285
838605849
477006713
50474085
94655078
884525462
611623876
36718582
834932062
745348483
222492265
9381714
646497118
729609198
374075788
504582042
767152812
566281179
615107754
64939754
957658858
40419790
990308047
420785360
31502763
819178410
11572847
180737110
575279969
512275657
865772160
259007988
464303725
833976847
1007287369
759038854
328088032
270505979
636214751
673757245
905941893
20455323
728998259
339727466
578964361
847939493
516212991
245121254
145700871
199507366
894267735
184201873
787422954
538505420
879786533
155586274
338621114
182594379
518267749
591940985
314078528
350994160
716652508
274499838
575178677
296559919
930603210
129260320
330014065
698274561
416396590
974173353
116136833
1000735215
642122551
971181746
884383671
211244271
151158623
757786427
992064331
168758028
980170531
571861950
808499334
523025848
994992128
351918941
377327323
509201791
942844118
237855631
347488004
215966726
614504959
804516258
67930158
220100615
280748462
213061935
984093399
732539579
479552055
533451480
147414991
482513581
581218067
524395388
540137009
326563547
467344870
769240637
751893575
533981839
934187999
237982028
305263161
329626182
764864070
753354840
426885534
925114954
367761353
727370049
956633706
14514111
61900153
158575651
769512934
702854231
522919566
684650993
303289960
908692028
671407283
964230573
369874266
955521144
737569617
42995242
212580499
899492219
527184008
308397600
435871296
885740757
417371946
587744383
893733331
822634390
487016029
55824288
642068837
23380330
701378425
732339897
740260228
912740663
864701633
443342963
717410041
844918635
697921044
506834097
533960149
582990263
128158008
60876435
912488993
363862618
926411574
457650536
74171634
449898971
976270618
178368949
705388289
608956425
430971459
219294770
78188716
59788708
584322367
894095573
596248476
591134155
616774280
317163391
487904491
746404098
76399905
593508740
470792759
240234813
228996520
233207052
787002398
944942732
713394281
213684856
347818860
453567000
886721486
10998442
209834239
876761190
395877977
38862471
137178159
853581558
243013902
196022575
879299976
234874757
562831906
870778131
641269633
87831551
999082918
644711774
567174113
713767921
145430010
381002004
951449921
519794581
307866504
832342088
33664699
23552669
716157794
16729098
495760366
377950909
48394624
140098743
736114232
204498898
460985480
148860819
622574532
971053892
728424844
637799789
229537490
242231531
834839374
184737299
644221845
381689153
387320438
440849369
548219384
16615736
737951739
371570135
305191388
299623169
644984948
422110487
120970538
33743841
217943578
340736418
221848220
208728928
220769509
385665839
613841793
526099272
578306705
207277556
811169828
47897230
98495027
804271128
727905642
804023293
169490215
506212045
194341950
336829359
317588432
145276189
202305347
933668420
462458271
314762773
515226946
281601598
502888866
998852596
507276871
107963682
609234328
534778320
402428331
931808025
17174596
325232708
863423094
135029551
110022661
526644956
209034797
408100598
399855192
940499138
193205080
136748860
124154556
570275147
386150925
897684823
848300788
214752409
95837585
192488428
356840101
962619548
975286994
703932742
689272147
163977026
54218967
726256720
440102684
501371787
763642213
661951245
363840706
935506919
19267337
590804818
447105769
735360871
597245165
460784937
979762257
883594607
457490488
518423009
915590543
524857044
99173620
460828022
35579952
910501837
511307868
162743287
818086525
591771297
881712815
359937801
544374635
520297069
891133769
756103419
504959827
413137752
774657693
319926497
183567646
923382872
276235334
925629220
626659375
534709517
242242605
821917788
734951527
541262093
888553947
969799991
936010964
915178476
839058053
949419859
581032330
936733561
578351816
968197200
22834309
208876381
849003050
476509409
283627174
842347479
969993688
244863991
272892291
987021135
292429010
895648120
38625461
51457007
705602165
125781580
367404474
445728587
823518401
341896446
171167048
687933269
879994000
858760049
319456612
994195550
539276561
967315448
330237010
717852299
559195336
851830528
648787883
111249546
280327024
537986831
303252537
539226226
819126860
820250613
83217943
175442096
449954291
975844935
985416585
809540763
953285442
426995324
210075083
447200651
278482852
448398851
911921819
993957671
471360406
783504073
467216807
1001078210
365906100
870584363
952803669
712501175
581176261
530814474
196908334
192441811
879377168
729457641
472068552
167454022
833334376
139550402
768293253
434603113
561883312
266201475
735555659
733517927
875644490
55035693
641406798
768145708
25698479
963154604
623155275
618797617
173870825
535898304
706415801
363504231
699906504
538025671
131898761
130010957
50752832
717498791
446476481
446004424
873945964
100168447
486701466
107165739
508597264
869580673
852221712
363880568
386267263
76747996
942311670
683336110
1004831314
80462417
211074907
949363888
857829563
968165023
23822490
222685298
216719725
202165635
630769437
67531771
519259295
840277900
578235228
302664893
695820850
530950659
228924072
43049328
261744016
932805274
803505118
396998758
966507001
756495064
207210631
614647764
238895572
811027760
271621650
625399961
689293211
860958451
458663604
525980955
685236252
192964723
831479347
385617091
911933742
916289629
398678188
323164870
253135324
231546916
739355237
699382092
741274857
703127126
600660739
753038022
112126230
925765499
976220445
364012044
289371251
450485546
642008457
912689113
209602449
572492601
857137373
905247000
624653777
394388693
567325934
712369857
997519303
67261935
421450365
421051756
438839646
955914003
350959231
92514054
927254194
333020023
99410368
184024406
774859850
66965018
515841909
349842137
609976906
657498582
599731819
455513651
1005774912
263833671
513248639
329722907
795152650
72558624
398290584
550346928
513537917
957678905
464855276
638191121
791717834
297474524
818545814
384664036
649784730
543833361
851756903
140528997
880861972
530910912
460889693
961660863
488388321
975281268
539408956
426045011
962421545
362577757
102259050
750486793
396667560
39088090
70813950
518416598
584611075
318402146
314952764
477734062
873747549
718710210
965620688
204579044
882906354
224676518
1001652934
119988027
741267272
846262047
122541228
350676797
846694321
692907237
830179921
870762313
204140032
261884269
388046487
715411084
527467725
910746007
442099129
23211468
61388508
778725497
197802944
38361034
936026766
687818848
772948306
137139721
465453349
327742685
596045544
665377526
870284776
369648096
725239814
980466930
289878505
142565703
792902277
153326931
789845142
402320080
280485681
325272546
205327811
616221782
393365902
144752750
394126178
699504542
134416459
119262432
638624792
123732277
638069459
554245890
823303457
680183378
405196570
973308927
335033671
396114169
394796749
876447534
613602681
604040727
587079385
618039600
347797389
544104835
892880438
49906777
405643547
909307090
275724836
567008203
528976152
95245042
110921829
625139340
617971483
962078931
308209175
493570021
409283190
186343524
152294741
182149901
40710245
146914506
384756352
530069241
416302166
875390665
132683838
937887182
543101817
52192100
169433898
154490762
528723765
786887550
648199127
50761766
880189872
172773782
244935152
832841263
178525778
800004709
776681914
491079432
76820234
390805481
115548660
514226736
498960202
820659766
245922039
22057451
689375132
395118383
372700003
553859138
574455125
310281064
256083015
297249470
274580621
808193507
313010338
969646520
509754316
956831999
550853435
422750178
708813336
381112922
886144933
961771156
446382461
845577307
996542588
747201959
403159856
179075564
576659784
70797112
417621367
453228891
526435270
244909281
902055814
775503583
278250651
570737340
811342337
754496450
708013915
870584603
117891913
92708266
769960535
781573933
841201806
450994152
217016065
73766102
304584340
961093325
130822384
573866167
757592061
986804131
616567071
321978686
217862316
635649065
91129627
855838522
90564242
406691633
437517510
27829314
942062708
654452173
190646994
291389793
14479972
701584417
827431224
586642731
138427975
353479889
61490530
139778994
545078229
550070105
388015697
243430140
424807791
327736455
717915711
295895626
652359038
922756040
734855272
983909308
24596673
628684826
248011753
297909649
218648623
388756750
735638371
337486703
221777970
749980438
1007121584
582662738
649541410
475007742
188759061
974327146
22953409
689661488
610890620
456770959
190194928
842291070
879741155
757715118
252174290
113324877
297887722
570057790
705781524
124220346
724487210
779373150
803244519
543824566
320357072
689047203
314549816
663758090
677007897
481534938
1001702765
891936217
270162160
721787728
514427592
759657417
389837377
646426644
624848645
757981106
257791278
328436544
105895634
99490150
209714298
369405151
537611923
467970443
71529091
24978958
854613006
619253136
832676202
55930056
332601690
897057933
411165312
244091957
848509590
449679858
616841221
428285135
708667584
839369667
651648263
557217897
856461147
219553832
624327541
801694654
128596638
417390904
896697026
278026370
448538978
469462188
338969712
167113368
755219722
643251118
48850358
155764326
506109022
479373134
650370735
710177781
41338248
906938957
349081311
220291023
505948128
252993430
885902497
606316492
317794894
915097769
90695121
501474752
112645282
427722613
396988221
158805578
35761354
701448805
172778685
564411037
189942840
149997587
923257663
289998548
444186533
924937496
11433899
571342339
30371718
931323478
640248884
216941729
635948696
169658680
974945984
839551922
337497467
983115821
986460569
449030712
721097551
779857272
280547044
555702627
57478484
774005388
56211734
885123060
422509472
61059476
533655958
333636537
685797537
927788908
53448966
593946150
403175090
706072189
604290504
827458111
242628522
138213737
114593077
313458790
851790134
635992064
681477311
800219494
840635716
16420734
993097926
71126501
287277781
201911867
811221639
287547067
187314023
796944317
647193401
98666219
140274171
707200701
659566107
601870012
722509629
779381630
440247243
473093149
186753669
90801557
636719276
674082159
377480393
509170885
140275580
529825412
854992364
315306444
772877388
910680031
76699378
827121295
617671142
146382106
55900650
552411315
341869996
901265114
562952712
195042200
459719972
505178503
189331668
439103137
896692520
91874474
245466996
21407436
1001874421
753488812
550236756
109544018
845424398
504946189
567042662
632399817
292551028
604793350
496736675
833122416
976773651
789778262
430829562
987382229
983976415
226808020
910844101
233969485
164681922
947304303
185967018
442030316
760949080
933079640
915035373
13572979
106263488
342683234
789659383
416795721
272101630
359682809
460154509
812167914
262051947
467111168
748200564
792513381
14093722
176019414
524874626
958996688
529942224
616357565
154365886
264219592
992560224
637503993
551267882
61048812
250490108
793268063
664896277
903625661
519343391
770308715
667462940
860506460
44462029
98796285
828687899
881118725
540654822
598539272
200071362
175384840
848962440
929827886
962504659
614945336
829521819
367542670
618145951
851278136
457716367
759731910
325761316
20105005
228966912
718623975
738890822
593199746
346264567
449642757
782373262
264856645
571008147
798722556
18848334
55908283
576783055
749626794
626088950
946937700
23177754
302602571
285674049
915672632
433476724
20554346
192646167
38500281
421563619
428171539
545587927
67235218
996509353
672944566
153897003
103554693
724901920
16948485
464124975
400949425
67697357
569032385
811189307
648316717
596766073
738999903
731703771
27470663
149170106
469077135
459441615
110050826
635436303
422255964
323556716
341970382
784250446
416133768
390312288
563083454
729851683
709655015
311755375
626540001
156064193
593912148
620288048
769777711
772399126
521234097
326740220
539043364
135409172
236106964
771534677
891752691
310270629
586459899
826856000
168800368
704272382
409946974
455607705
612075129
405325332
702433853
561260022
621126452
716723988
814188015
444469369
396367076
394492220
197292974
166778313
414447231
723188177
337722500
251694616
780066404
144828407
378293675
896758904
613960912
577882163
264070038
55903970
937401808
377466330
546911172
761742910
356284206
492441444
131275970
713189932
681766978
636718146
237945869
132106130
490506982
823371197
449295044
871559017
681592943
146304173
865013752
948665349
530600185
521994628
381459669
784743865
218570814
607378135
864570358
772043180
915476411
247744823
675231504
320077919
891237704
906047139
506382942
808356402
247351242
255162911
505037016
205504669
637255065
145665432
548212443
362980209
621835642
905201346
803718386
195851546
499069883
646495854
170225443
288617906
9862841
453393812
375933373
77223331
65361325
7624826
25333425
318818945
855005918
798950984
568923534
850623479
977207781
60455868
663983955
9103787
401468445
760058816
785543452
99050842
920361346
289683502
588231903
41812451
476741018
570539575
348238830
363889859
73721769
287957378
124904243
592471324
373135691
86528469
827047675
297652020
30810192
244282605
683725202
102093212
152828761
717668839
233236893
540982600
300749842
559461116
958956173
118021513
626127679
710150351
76769763
405947916
726292923
939156958
398352091
560871115
368756630
244234485
79918908
553641723
674144789
946256624
450638343
289227672
655313507
237753565
757018982
234069105
85340042
455084599
699217623
558911982
109606538
628013063
956412597
114101053
160269347
548332475
851279948
376669810
9387548
304310623
946345354
830382311
174098823
979159942
908329605
805715350
661391795
539664594
868418802
690287357
409168872
169779890
735751108
981327130
350866702
449872716
186223665
405718082
977594682
274420255
375064314
727664715
321084747
67986656
675854986
74805490
868651168
107555687
793775602
713047786
736658374
424411392
402041054
54049711
31382400
126307007
836309488
977175432
107325479
94348027
562994632
775854929
432307058
658563789
296961408
121188941
572077631
877597003
309438971
591117232
700677185
327967050
69980704
354088646
512413916
479591478
380752404
123447396
782767640
561483940
507483813
933666190
40710549
689171958
473197739
555784885
329478641
725069327
850489637
678584253
161945004
678511905
434758998
590115901
221492857
220815180
691128613
30233490
992519624
279210024
707824083
12671640
415129327
931881892
917908689
148563077
62472668
481571922
905661766
646060702
715798825
418114564
665353383
501074345
912291079
431504092
125559495
974877517
972283068
637574894
625384316
389454697
594896912
530631153
699685119
444529743
50403210
210396605
532956995
761696759
893648967
654177932
989211384
124992114
338764900
729749462
349055606
932995494
293276321
806875421
146465797
346751339
278808524
43232934
640943858
127872296
875048520
677937063
266365666
465252719
212752010
15112366
928779555
680946715
569721354
481204837
665816115
310118868
409764417
826611041
259032714
827790366
192871779
404265916
256706767
653505699
559670582
243749557
432427846
836648187
522691328
686538661
927540393
974153834
78765425
689122071
400680083
720117309
327670823
954710499
471522015
787446493
629656286
848346772
264529696
243119586
593571100
473323723
747014483
864121085
461827433
652920852
783462685
349705177
894329903
379434618
380925940
916651697
534713099
981481119
140276835
947753610
78579897
380845683
586048405
37034951
153392657
311179073
48600377
197634445
316338209
206987946
660058669
835947218
31762741
20318155
163039613
426172361
98262689
770036136
123143850
729541769
357509348
346743526
836136372
100189504
367010660
741115683
158490022
793055638
443764363
449069723
481541152
151963384
349404627
585827971
697045029
455631471
946860223
950324154
255241775
213120779
530600403
923486562
474444132
157243318
901444788
30249450
891331204
103563315
37573095
402233403
14462762
15942137
384043886
1004211609
209044296
491551129
750605516
812239946
412185373
714492930
563065833
295917439
252855873
940277809
502289074
37378639
958221792
722969067
61942800
164515295
109137168
107729726
446515059
729211250
951704795
150138013
610775834
136639968
545795922
135705624
526580154
442037170
581688337
828837293
664995170
817030985
100664457
427284818
237575232
388193550
611865949
88784125
810375422
966452331
201956345
498022874
269843394
330046537
180205370
900873409
760445505
707261917
264886011
349914181
533213406
692193662
178929244
845721068
271333117
929572394
492074232
975374385
107810457
584390857
303689521
10983669
197997909
141092488
443769375
586198572
952956846
774012297
370406068
414775824
278249766
157713407
226751289
237013261
440567060
1006633826
65825927
836442403
608008964
987412609
203228821
104290320
485574146
277914504
936515429
638117976
134396980
832759433
406427791
32995956
294870987
230494553
817725438
861413998
54733780
49451364
151121121
63945092
339458034
383955886
553610043
14742446
477204016
63947301
943877459
229294387
829530451
460256358
83319337
926011925
923586867
968175537
164890524
471834856
36892388
408610192
308426160
637014683
235581963
430417002
494807437
249666899
372801539
945719532
184019722
362026947
858460217
919674772
969590781
400753345
497468816
75015605
68484481
602762685
415090559
580668954
241207632
956449970
683660612
353861291
677610227
347135873
811816848
770029105
996427251
880114888
608769358
601837918
530001569
398883133
340608992
48830275
901135827
631124448
441613045
626959303
361645516
743191898
537381238
612873331
486563402
447175232
427670914
942896292
624088550
191480548
792623681
573545122
123044260
69815679
972910897
944524192
753174213
489313753
156901950
559068246
389400144
222580189
568138232
819282895
734981004
918494688
739033321
414367895
798701562
281639853
352878659
806858179
980224061
921115028
548948765
618433893
374783422
653543662
937116451
148348689
106273022
158593068
378865841
923280079
99455265
826622470
476584179
688731992
584605415
95427213
688048842
775958450
749708460
398338490
706856091
324557065
865024323
913677187
388497562
297307571
406446457
805387598
908636844
50327835
193053557
263246068
276580583
177285660
510481983
721172887
777899257
147036197
324090724
506907395
949819411
943658939
972113153
640801634
361604198
912784759
365418650
898684971
627293804
431062433
428454485
939383421
74656832
357522239
998782820
986653605
87351743
237152651
359470062
587280801
744793867
315299427
718368717
939695220
194477128
165730741
567844643
63756656
747802982
809690476
327308082
624899300
948320927
516163351
697264945
517017582
214331320
601357336
279505230
122432098
837443438
151162380
16159333
371082403
562608065
247252336
608885304
836822454
509247946
732969238
253420508
14380890
875951144
861808285
697932686
913797420
750766724
704891833
555234533
636050465
48566006
659357166
808009366
354489318
339075019
872551606
384899805
156032842
404999135
498040259
591260826
927359381
890393253
233026300
598790396
830096337
356945236
680405331
734916365
35871268
756609475
812132411
127342769
469458361
265803024
933486470
636865859
480883884
247524513
136171433
788311672
576034925
146825846
322396116
930192534
446621036
195353183
737763798
730402818
651443839
863917891
336730656
14337886
695399297
463644234
499232903
789581355
53895723
691754932
621660065
389500577
270800471
160794378
358259013
176656292
785029852
520554663
573008620
171977283
921415674
728929641
29406515
438127459
141440264
874701510
806035745
305497148
871470740
341553100
788268152
50643736
46931023
213457681
862619058
933524335
502748531
986405593
118272900
736426129
497497502
341319395
90264485
601133537
387304149
557452067
869735732
869342568
463862997
46956544
749284247
764786770
435476847
339762316
764742852
334129881
691502855
82746458
725152435
329747264
766197235
303574991
382095748
729060029
327820588
416601215
485308000
231567379
959725305
695881380
149611534
134347086
666437792
568126799
234268173
565883212
815524458
287754073
856225754
877421287
82488518
370675999
184867107
253597823
59889914
791776082
235347221
109104823
635351121
186255368
524801895
724635520
465152687
352188836
702596356
250808771
988050915
725667410
212250282
368560181
138418300
495738096
52383835
98401297
335837440
482413865
862921199
985069496
245829972
8720713
865732245
626925974
832931469
444519146
507166094
288385566
683292206
266127761
959972582
75119958
158090023
244509954
373975297
700335650
204002374
79297886
644167155
784190688
174473604
862517592
427343377
595515876
667254880
246351731
794283660
357100700
262611255
864526675
157834276
422144870
592008504
190771569
929402024
43484309
143493867
275276772
979131801
531645026
213944721
928572938
435841509
364414756
544710089
801275616
810404951
329269579
950765921
320447804
253389603
446238036
206340929
635079810
952923533
658783459
324981975
511993410
295849153
979530463
320648714
272693548
752970114
641669892
751389791
58316554
158121916
183218098
546009408
166343701
877760472
305644170
134618915
353699889
483458726
366855801
443113538
664687710
606894226
793311565
819547421
57511785
781167521
265217901
927702115
109795713
71588173
111886390
59191261
701805890
206508876
572856647
847401701
413944640
505788463
309049376
105209860
459883815
829361318
988241026
243270767
483830974
500338743
646140889
189558568
278306161
832068648
716889829
823679830
823437008
622137794
951186464
863815996
378031546
86958668
883814417
791536186
972387295
759697011
524383283
989957708
260494117
489952578
410967390
430888468
402023463
709699858
970300903
942032461
787201211
389671771
352346554
861784183
623014345
186983183
940207340
525389311
321764122
287803424
54835309
1001912472
355645486
526310939
714068393
737189394
982281209
90370195
379210821
151954263
646270388
334728746
783930909
701172069
49886228
761542774
33665245
625415145
428155575
971250524
406064482
785029554
681509636
149154473
91930675
219643540
726000090
364864603
659193988
266924033
890514888
444690855
153107627
754690153
108983922
778361572
631398411
994150198
981099520
552296721
81884919
558010597
988516698
25197582
680266029
60214335
311716972
386778312
483178835
343951756
100039356
820140919
944397219
1000615432
464955908
947067747
527895721
939537791
505871484
600843182
288310691
147202679
589476445
816394608
205107009
1006677713
804541181
344188308
975203358
83592345
672162592
944184563
307115329
1006403790
929224293
903803686
860920681
681747746
591207781
726601813
745023326
439323842
537650852
750258383
495996635
486222449
40683425
462033557
800945539
144260173
678214646
665577889
411071037
690541385
233458261
564523293
302554973
999507816
880018718
373739282
332757307
633390467
921493035
708282055
415235927
292258212
131366234
885999506
159695433
242818849
107830442
484261933
419433909
90641420
64589451
867773851
595890596
500540858
215435694
649895938
839176798
147140137
78186111
717554547
480816678
770261501
338033303
610537220
437099832
559097286
943833393
190564356
996133877
211894757
678267079
959177919
305201337
905196742
570228373
319290644
655371571
597740405
128213098
830368628
329286078
935439466
197128336
907587726
743116270
920178409
526827351
869932411
276302069
918990399
51704000
893449012
82913875
648609812
29985240
124336002
1003662095
63352261
682092950
438571006
325091935
977547217
981494300
905429238
536451209
57822130
507561448
559097513
810627202
384206907
428538359
843683511
409849886
137793724
900115402
397565923
879819603
564310865
850922922
141791537
57183360
733393631
838997821
832336618
397864452
658464348
302747314
86345531
456717346
341447374
567926379
272947500
419356144
498959739
776231893
982371597
558213322
67977431
981968548
5244124
491924057
584215107
671544998
528618038
277355217
595388737
338498597
404526037
526776791
482864978
336407385
132482688
96722181
894690580
11159592
864941281
383483715
466858949
322177152
461377803
364992798
361424902
719035810
253609169
635085954
281394680
299376778
325048398
754121184
351222677
327357571
826324822
206123584
733182614
374291808
620050472
283541058
652567861
27327823
385450630
670195061
258674274
749863892
401285877
18626934
345460948
913066350
285464754
922942695
762069368
468874372
291221400
403906497
347397328
660355473
102386000
849543641
476178232
892613617
686307806
190808397
994996069
374097264
806090420
262264624
57146527
369202092
154828445
497596568
233238256
991233266
587798214
490745368
73869399
723415624
77926266
686014611
160578656
265016925
372057217
702754384
134370095
614705827
647632572
467853771
768568731
904731860
642554196
470406736
966321105
308718913
830326520
466585513
664764730
32381600
606031304
676591530
565743944
285355084
415453566
725730657
385686876
668215329
691054804
1008135844
581500966
728665898
273357760
725547650
839116207
109343693
627930324
339018629
508579294
416227499
627405893
917978180
778163678
321436092
358354848
298419102
660057163
353713099
311063809
771393621
516916610
436341587
944157813
978419804
633485468
131426896
340212936
279713918
946621948
954061964
225623856
664602373
252905314
272950184
721752729
108086982
230464453
780399000
415901605
620681409
439281547
389539264
386865066
581034094
138290744
31977985
269325487
30320165
216232476
719082700
440986410
604383494
140218973
715378532
133666801
685961795
108578795
69752586
252246757
645557522
897768888
205000633
613200341
618111195
888238837
266560438
309784683
208859415
33581332
695571505
648927531
776494629
177015722
321362201
789727829
961382505
687751511
812226494
32408837
987285865
697247376
929717639
888574387
105994872
460504314
765399808
372357000
426973382
784101572
570681008
788263622
758051488
487786230
256362722
552588776
332723907
123450153
80538192
309520867
612265932
562899082
980626119
667234170
804335381
887728712
424195863
706580902
414245091
653442445
822271946
517855617
644399069
1001415732
165125079
225030899
976867407
244495187
967965295
340421485
742662157
795804622
248897739
522148625
282759586
359790326
1004271022
574127814
515913446
868081689
33431540
842613987
534388740
788098313
587070983
297399319
646800328
195900970
707444222
98393579
839233157
652939401
478397546
356259031
19149356
900706666
511660441
755271666
207044732
899568114
618161693
769622616
286410784
29398163
309226771
421078786
53899299
151085712
87645264
580441852
285612905
557941185
987447999
934131758
848404143
713741478
944658553
766975963
767848164
12884789
559424431
821021041
98640171
673707269
762929005
203825851
59954729
39311204
965401594
111213800
529334189
729791814
575981954
586643856
555071290
377979725
205830260
40694180
693335343
69617628
252879052
492785192
702409979
130411290
576509896
155077631
632298044
723302619
611768864
675914946
158665216
68802595
339714721
261186427
289760323
49928743
700263648
731713326
201168817
2510610
353439641
790388598
277297558
186097512
754616998
361396264
209039299
299315635
864435735
296754655
382206287
571036122
114995309
773727344
806124223
500944924
990279670
646046350
790571372
127691355
903731421
223756392
666413940
150958522
720034489
481736247
578212334
914727428
734711981
558228030
594188451
954018800
908194789
729280974
68259924
986921482
379114743
890776120
573148943
931202414
554726066
689727432
605896399
956886371
267266964
366128067
68090383
7343223
921745663
275786198
309782437
481732103
474720849
438277500
10154065
945551777
801504727
253231724
319256073
764335939
876186597
128897964
545092914
97577807
307909125
712991081
39675909
233812967
819968010
589486192
66045821
602520461
197688493
541088427
286189687
863419958
9905113
648853202
540463643
510206225
204321824
1003983731
682864129
199619735
998263007
221680031
717440097
665031643
682273131
885123349
156067018
712053651
295921565
118017728
1007501054
301422037
701521704
743098190
40716040
851429466
374490288
227615150
131741843
912853403
771150275
317454044
331037830
224292517
324851391
385135082
953802320
852427114
290209467
532114529
874139702
468799443
930592955
385138074
399425823
55040755
455089205
885490609
846324384
547811368
519574220
470883691
294570376
841175270
680667540
935515691
1002839633
854146338
762729557
763284203
848702402
78183158
58839884
810660908
16466652
738408525
432238774
625025411
446038331
272707850
927634533
369949431
276448140
463871769
851204820
208952642
721216155
963408135
255496130
552560244
85746034
481130767
391670334
911696553
658595901
113201342
899834989
615628605
840931592
432304383
446756758
410913555
195411025
17035060
586362132
476549914
44960615
923992645
707407250
147733367
173501950
856896582
495598365
698613905
15206434
222804330
128193460
680358599
711753473
784625122
817277195
300453639
351749091
781545244
276391775
739180160
336300299
209767486
534358220
787061995
824296341
754386160
264927493
660458345
354335223
720780229
932009423
592580767
643659447
502283664
462786794
707970233
879373608
706829069
489397487
252927172
998898591
535439591
972512510
780536435
450995250
493869273
405077518
764654528
843800259
558916541
356710679
607242782
738385627
391899196
303008300
205476497
725690159
850977182
925410068
888788441
198398337
551201113
41305030
315070484
660816158
878292640
868963321
833311297
938507473
492470991
935330779
39536173
980000686
881208531
574418381
165913272
213041726
248389883
173427096
520380409
62243110
7086133
78010026
767321446
843403611
422151403
115473408
798846914
800140675
504918020
461546375
159107970
393956288
191089476
428813418
153074629
286498361
189255037
683111043
126384349
337687203
602042439
814227600
405995229
616693949
854169782
663608172
598840754
521237774
185663978
784166276
476215577
17916022
829276886
582165291
90662495
877286177
986651432
713485076
66410997
122312613
702684885
375995707
42138922
29502442
975217938
884502180
279389390
824658032
286060508
574935540
657343699
790091727
609113349
379466213
20957193
701360630
87974118
763595152
713269588
427020621
272853936
977738528
627052465
202908352
808738853
913430367
863148209
143586600
10607782
59314706
283558142
381117402
423007464
158085367
218505713
981000094
767026880
463594386
424034345
76281949
987350465
175453853
375927730
325516481
804178291
802636706
551068668
213005339
712363948
962583014
206566734
673184892
171884792
104887321
677265200
69082840
769912404
147514549
30972221
684017790
200532929
600481532
994392888
572174377
751749760
156455360
950009284
286205229
439257411
85757022
683573245
376733934
120332717
702339801
466602551
743464490
858649358
815363422
68953440
596768157
13490322
956569712
6405305
694700306
456346977
735101599
437243556
569383508
495169123
43125129
566634227
408728060
692944917
264907722
221644099
797726080
945078859
304181241
857205407
133428679
873291613
960912285
140934353
855875054
709224184
904123071
139674104
993756251
56740810
239944552
318124928
899751173
957133158
76835545
738154412
476972570
406436030
548393418
521976338
884371601
318610344
111794263
876577413
41624560
469427450
756289660
915144001
406786682
339295205
148655351
935822391
898569791
302388496
963489050
575121241
296980186
469150415
80707363
864199142
764185796
19363986
434112888
831076655
106768499
458423308
114649336
413015928
610531925
683761988
120639414
45453323
156035157
877792584
261307220
39107026
817621727
805598925
941189704
864015931
933989477
745712008
333609564
426575783
629124454
943183525
707816604
554350039
525868498
258310448
461362696
895804914
834088619
220861332
883634909
259854298
260023057
929694144
260940146
104384163
808022894
822632058
854125012
278511594
246233646
72142948
899782385
72954760
288725119
816439030
680994920
439285599
209411827
1006024641
856596918
882164994
878682767
708651196
594546156
816494018
48481903
754530741
678513289
25827650
436527135
82920559
268988241
494967739
262922665
321526876
885466774
591041595
359110532
336405921
70757911
414105425
46178249
636678419
541919956
762935736
798835043
266823878
529828864
556256051
96177972
245091306
499798193
929693526
857264390
608037413
207562852
172896950
521579688
297851880
174730658
975740899
594672626
505119869
320238541
167118184
28011706
854827655
753984294
256390099
415467813
330204193
1001652813
727996022
27637222
836185693
866776833
312920990
1002550232
21677281
384243413
594945162
620620069
379491144
314339040
140313514
842699572
315113449
639298033
43925527
579491875
985886873
765762732
94855734
573396913
942968035
795959313
523019419
428119742
203101886
203504300
121077545
596132852
470561936
915790034
704903012
139212840
254954197
297395734
727444523
532712088
695122642
788531930
696118801
771708738
587689500
343076337
648237898
336116944
118029399
531473371
82770083
402552130
271271680
951149516
971734898
69012795
924113799
55349950
237446909
900760008
48368235
626378771
688126338
194710360
178397017
221742171
688016109
977168849
491905109
794645321
588959445
442736848
539637312
683860150
228912052
114529034
596540261
146101151
634225221
370924653
575092562
509787529
798697289
660826929
876035845
527802636
357736273
182704216
110078280
84210598
250797664
64219445
696152304
715493977
491845669
100252569
777813336
820740378
488682382
900852883
737437591
142126062
707265972
472278864
998219068
725747883
111221442
897679162
781872589
362904792
25325907
60197564
202470387
487689887
953325007
43927094
903139058
423468504
734902243
812538749
743546052
452247101
848889553
933433204
431189057
259253070
181903352
414418800
228281401
420089421
11599787
12447377
298701580
497067524
106621201
499251470
752525120
762523310
43137864
155225468
670258540
579250342
593168702
176567877
803486959
226912272
910744622
569324705
42063463
148969560
69456389
125139859
367759247
479812059
725576104
608274075
819083663
295620542
339981751
705309863
767326279
264649417
815140404
405515398
643315532
171173612
220276644
457872646
338063631
571032671
242188930
762788362
921451728
228896628
964498285
197839426
874574569
385509128
459383945
694424881
89895046
146329278
468716969
724002848
550710036
679701179
415032566
552472050
264340369
10127126
449726828
365198028
283549982
368989311
192375322
313631446
234823799
404190170
210719935
626068363
654781832
185134715
448966119
386840820
226965071
266733098
462645965
855506685
823369147
303914282
821640222
44037227
978137837
416977643
697181022
799460906
58271262
401784423
775193421
958654623
800895112
189319028
197147734
569671767
907117255
810960470
619789812
596768323
841541995
728765911
914830512
660139533
240711583
292028366
711829411
935147897
169310747
232930925
113870954
490250129
295718462
741123375
180850470
457068131
611594784
945174292
603412617
551805591
408526455
997404298
552882614
701655080
402808698
276003220
83367617
346958526
503300683
626379831
428348195
719450783
96386379
508463994
206479901
507635735
95475900
616665211
66410516
967243503
435375855
375905956
534262625
563868467
793068252
794222718
332432379
581142857
179826797
223673482
97709788
617855494
302149272
161739874
738309078
28027471
135049766
344957866
569923096
54789140
655269921
326089304
349595504
9708183
881275739
190490656
135197944
534127165
322453049
996104553
257927961
730341824
610811818
653034309
168593821
659821492
908420049
983945257
449767053
109955464
603615537
80756120
242119858
858674587
514056125
108395718
660419574
461395668
400920328
773948059
167159253
74993882
383390269
708844119
715363301
163090276
483710473
248970640
69301946
173466836
406091435
747738581
668641287
454120399
399503923
868127971
486564931
367821831
241240903
180011219
498705809
175589910
589003921
890125336
998831766
409521525
421709403
864061202
423761382
300198290
668475969
350259465
892141807
114924302
37722203
359887404
988732196
45965325
443532331
833959924
298446672
928720264
142663795
406644961
618887679
749097836
835010180
270262104
446377096
42926639
957955009
804939630
334768926
486328076
226878451
748999708
741342518
473868366
327190411
508487472
895686431
661951405
544540184
361870888
448155769
34484180
707303165
959352021
427036114
647748216
452672403
860012544
871472480
461239767
695979454
985970684
289786162
441195394
699330608
957935471
364739361
656900427
118305168
992215466
852421871
295307783
997062229
416274700
854184262
196813301
166253181
162595300
759888087
996182008
123766652
158488924
175178452
951530121
600732647
101494194
444776685
791853298
651837433
5487264
997606107
391687824
861589885
965700805
797080792
212960786
268897958
903467827
676986603
218829360
63299169
987144360
196855457
693401303
551429736
46385702
957129909
955037019
71239258
120346088
745930149
309537255
731423772
719099685
575402768
26968809
505340360
473413865
411583039
157638548
109697333
735523397
168899649
588497072
801949609
743575342
7742339
989160909
1004942620
561416668
711895198
219802099
951265871
83136922
349762268
210802996
544821010
490581638
284926570
892787340
52511142
1006789004
790736267
911580702
478346439
185224512
9166642
141685846
241538411
203510016
854444800
95093228
433864904
757517483
954176151
283781898
625828942
380275845
208413160
846938192
55029455
374317933
168876115
529048165
615303933
790099932
790565862
530761203
452380837
197919674
876733915
856716749
533580879
243456844
617095410
328665550
993253963
72002592
192632221
25027003
383578494
461726181
515272985
27471512
157825018
164230174
311191254
170810966
326376378
343215350
917598176
906038731
41688132
742046428
14148958
656310838
330038151
808317533
756736719
932773657
533100254
229318039
730842067
18123067
241218670
964331220
898209745
401613104
827527089
125705747
397746412
317168251
496177183
701509745
178123755
226433746
586267006
324019474
48699771
532891569
688496052
252025584
822408426
682187977
358435477
141128739
183413547
55839489
581792246
596072145
680475876
210494088
100435325
714557575
625545606
688807870
970503209
264368839
303981199
960779625
768395128
702059436
820264186
840992245
37144357
260154145
361601565
830009197
97689163
135314973
521614536
249179903
610351883
780680084
871353264
925466055
785960550
49885311
509834130
626810396
263493985
681762831
144239799
415219988
609318547
10552901
577098288
451161126
405781139
856298715
845625950
309067048
626131848
330088343
678379351
226920110
638121359
143658163
905484256
112801884
596379591
7344403
912949213
245354605
283208723
18443943
934770063
458603127
632829723
845237538
67627729
117934036
103747058
363405385
338173958
71984073
254682573
337111346
989423549
282202742
541182122
947957864
195652127
729503260
254903597
562322523
943547479
467423194
40208747
352778607
875186627
797277930
871407419
637361804
402861881
809602207
202612721
702371999
879018223
269235598
412359101
128325674
11808104
412635668
484911933
805470009
494291273
281133021
560227968
518724445
707053821
891010579
850917109
976394960
7949934
941678560
910156130
243496863
935954390
197871561
488180364
337168586
603894781
460861024
268011952
396516153
763325841
785136446
12125412
165455822
614296201
669348609
691823691
985997310
609984450
121201736
24593521
396138131
958312105
1004980533
350490042
192872970
186063816
903917619
520413333
757279506
509654025
844016837
122053368
369540500
707237674
889350688
794788913
325381794
918430099
530918891
770883191
415624493
354337645
554115197
980525639
841434013
452349451
365227771
865293998
756217857
593626165
761153301
633156809
511130244
22994208
151982457
766217161
164954359
215809363
365959365
690047906
860209757
720586453
651419620
933261416
640706940
122530303
25666232
100544882
50815066
476676429
541096672
314302750
733674378
73221196
280331103
907121850
294598880
20075838
684957779
526321292
493135166
997123933
746456374
657032384
596866293
451243985
524760029
337727615
711507539
656420104
410255994
349642111
562429343
599725843
954699140
796931153
802669521
488349373
441662266
544806166
718912419
947251160
265750613
296453510
137527911
845821707
625979844
430465429
730915398
188833030
674113754
157540359
666015554
793648841
355614343
989101526
21735058
90538537
802475475
437443949
69179513
987022553
231909548
877199206
247401863
365145112
352496804
608382879
178948105
968693420
359074155
1000217299
697063041
219039618
553360499
148958912
427086862
244673570
771347281
297889132
937110697
986543861
717170183
983676292
87478644
264009555
742131924
73407590
536501803
73319187
129417334
406089982
137183622
724944488
272705897
628556026
539907927
680740855
463203280
619683312
220775409
907100861
14683748
235042555
667984528
149440819
390097872
790252265
264230342
411763639
771419408
206858228
571446773
78356937
146254053
252884356
94767960
622145766
802987199
642686056
721498885
162548652
845096717
360974833
484256992
221110133
583301197
794490279
37345726
903436532
401631383
243093717
658878831
194059852
423771676
268383713
636325501
436481813
165716669
574073740
436088595
308758475
939543712
596115221
707158616
952458535
262217275
752142950
404846726
75057758
165777831
240961545
414440489
927823277
272123597
509374021
313190967
341254415
606021169
214182036
746029871
142817294
43991467
212374902
88219463
680013437
230728852
542133271
950772942
314568893
209601646
93684023
37512944
655553072
316063442
445578404
640217818
548308603
142203938
382515610
457676292
996131955
733368632
437980773
239608556
17818351
689124960
126614674
928166022
680559187
684211899
508686553
846416400
732915431
517223429
965997016
749330599
485251053
910849982
270382650
505865802
637382649
364645427
430910901
800008133
967276519
386582207
90110955
638772809
238151573
195188223
610020438
432615386
194766489
985870676
258980574
749804881
176737969
373860801
308464375
162950607
649648760
15948780
456082727
355688885
337836288
107500534
550423968
369074213
460236126
981163703
355423342
535808926
24223308
316296584
123937056
629395829
811128024
814937306
337764194
953293289
238105931
160518676
550535685
125702473
603026743
551647256
564570144
897871032
98223004
841515458
988193219
850958512
180216168
174881988
199475024
339705478
371410232
848057147
944957716
212841759
72898187
138060460
729513591
121296486
144766043
37609717
474689945
560245349
313808181
403905496
737952015
236411042
817118616
365694011
872034339
132669307
406574312
730808506
757129597
965792369
640663584
718499720
518660159
104986895
694139165
354155511
171215249
349868354
496364156
774170438
165146007
476998801
402709516
673904132
627139736
432856460
16884045
51334620
697249325
563267800
293784151
575935949
616388996
413900823
416165639
318750131
212628292
24907878
389311834
74851898
738265491
717159484
432356104
210470134
330783675
974769823
724108973
455393564
278045769
597661723
920345013
189979943
48849502
598652581
58246616
396245756
977382809
620391444
467717933
778108041
738374559
967028482
959278791
181900737
346392624
39188904
258822570
909671374
372274989
354390051
949052851
417175387
281354728
678645726
753449260
311398349
360805935
512377499
410036076
287845033
364177068
808844915
317118230
898405369
447667218
238917146
713753221
541044190
442850550
338236791
348262436
385923422
678842381
181171627
483158809
813502014
284660843
654009578
787397376
339132423
928635068
735669537
657108791
536309074
182631751
9024508
785521656
763651917
470474214
769123527
894814531
689877467
946129065
542584423
840262988
337519448
755207954
513085769
601794587
693074430
372560372
104058022
121946442
12444827
718317401
646773930
322091136
217732818
675151497
854275754
181921341
477571045
814883124
92048175
648924076
26389463
418416834
484392135
16483903
826116195
619456401
830345359
588155316
769032281
392250296
31782600
728033510
730077367
333111602
566423758
738550844
453498477
183858887
310535828
318025048
245319964
697146843
242304034
970424945
702594795
349987625
593364507
809403218
279207586
580635750
89569295
75492486
22580051
29094262
574291961
36446984
172048916
524732384
105551810
615911199
669669205
693109780
781892096
448372368
622042965
330766549
172831350
737706822
589280134
851189609
771496415
200046723
881787487
576689584
393992993
502659130
200623102
259648263
130128656
634388694
225595080
318412975
860194684
24494292
945495720
952565774
198809600
178494476
293664616
951216825
922426790
38464420
823780300
914053191
721286226
290572223
339970899
387031925
825972237
617192127
976151824
950950604
529024397
194490458
58183068
283675004
820696458
480675099
657755290
136498862
952140581
330187314
135025399
913100550
656967109
622364382
871678138
807948752
861557325
413770025
37014122
364325817
571929465
722816650
470389635
432751332
826001499
791253600
431500950
51470023
582612176
984833058
320402953
915149309
136779568
952086619
922857787
201443917
510060095
711616301
92238660
713986136
376413167
706390858
160184957
631248059
568276555
939144042
935939634
912580448
461708834
394016160
879329232
903164535
337109304
267526048
805927447
980824306
968294056
214550372
201327088
358955338
633600676
185770621
684312515
358809099
123317041
470361851
464475748
723193881
962669522
748565518
184321648
248730081
667112348
895817863
1000014442
824559950
648055383
690752512
501523494
278871036
470257023
419170828
312615474
156689567
305426359
664277884
670879485
763023810
270097436
986341837
270859748
909319201
590614736
423360061
797990936
597145688
625702439
350166666
611054993
987690483
521500993
816005126
249032522
801488383
631055043
934103067
874078100
61511924
858404134
390074201
876176155
287508835
814948463
980541397
933741409
157741979
602031688
422372712
598673691
226275433
897436491
569520709
572027059
168240622
508836169
923530069
84732789
302753049
625684267
968111883
217665546
745577069
367390000
890010306
659836033
342579165
905804881
930904968
542542311
750351626
36100346
543066708
426111200
827019010
569777291
673741318
604814909
929978653
637959067
767453897
774300663
559599692
451407761
484703228
431478295
983472722
945537184
177594089
476808678
355287940
145582594
261546728
598270763
544634153
69732290
955649053
841329770
858049984
354901286
990977447
10684286
4418954
429466180
634303424
679294877
102515139
64666921
102790375
465268209
16552987
258199649
821338525
810412505
414444361
480862954
686233358
752722483
941219039
609506242
543412719
640578464
240944854
585614811
610678537
80004037
452971274
109836265
723589934
315056212
913914714
236415938
94103115
834697999
961165745
73583725
447196413
503022428
212177505
339286991
776983262
231220869
870819838
154262738
662521553
556610080
694272597
311563057
205012224
928887671
261288021
278878996
769523475
492929348
298168102
960634949
167808410
592869030
106150220
389803266
695031007
142863554
605596439
125568292
1003998607
141929879
16568617
999314739
166908890
590051661
891414970
479816595
833941089
800096313
627871582
76841501
36694279
833851242
852946181
428825554
822785403
70840698
886497330
810970684
951175314
117242421
108061749
520188773
119884011
514250076
883641035
883245943
6885384
997826640
270361303
104568303
273718231
292432143
832489812
465341143
523468896
265755064
40560789
508275226
72418128
660007928
483716402
100640082
1003310528
190655396
305549965
809293311
724651538
867878357
458141695
267922569
215226081
1004337869
555104137
514476304
180989484
838646881
791487738
736817197
505014638
447440169
749079496
537501327
649956531
619757404
947372034
43893521
183915746
315985073
179455631
794935205
946180274
909823503
542910022
690772399
867137460
66044659
797944824
19283744
548514824
617850639
477171885
981511571
804789952
450064000
204544770
33437264
91727660
694300095
737925726
922438980
320024951
785738450
228541908
453326206
555994556
726340135
294028725
392336345
307866062
211509973
355357230
287240017
185305229
349240493
752874544
239011431
224292926
216052416
888779527
489997032
708308445
126467160
111845747
844501296
453776654
698035373
386037750
273595581
221732987
757263342
761758678
652784666
181445178
105919927
462014895
839621585
583461668
691644038
233905192
959952984
241152380
910508335
548963411
990343192
876338534
32327462
101966490
729142606
518093216
774773923
235113644
556027927
696029516
773565037
892498523
798927930
769977122
463367094
658269347
754131424
394378566
686048197
842737557
187365810
896336592
176563231
982349127
404166361
248391119
160574195
759050494
662948415
619845926
549657879
642018496
596574927
583186984
643298872
46553906
133893933
507330344
431078532
274796319
716386744
427943822
374400097
451095600
752392545
212807168
341724564
85555684
206231462
988759326
912096666
831153443
235417797
126572833
248707645
252704451
639149314
700525533
183835784
659966915
205894498
819236077
594234894
58929085
872576457
96671076
123282587
420315958
231865808
167629238
801294601
20214675
375829889
975640510
69821377
65124742
741831355
572582594
557172052
705037258
276118456
383551651
662676125
984042970
154638449
164971310
795561835
152927957
641708866
904062681
766903058
606052247
393556348
199458509
762862298
906134090
955429452
95588890
986083908
894875068
542712990
979045799
494180461
488300005
541470766
360920258
253699022
358305312
723549027
912904785
540149089
944095026
106971523
762366622
234157753
359016949
522236365
469018649
264686134
847096137
87912761
307461363
682074701
442391030
171250372
482813353
586056003
427801072
982553321
261104527
408323322
640821456
536481103
479058968
541301857
79012585
146710795
932799772
159043285
678450171
387072971
463919921
828984171
139681483
306384745
912428833
869265462
839430182
604473474
1003440852
615921125
149200033
981678540
229998398
590288398
921372051
450233539
467208832
869937499
51377714
449885390
415845043
387636477
509811048
960303210
599190631
899397956
631031220
554599825
435801818
809589371
815275981
510155625
316433936
462721220
556631271
48129500
854573077
99657110
746441175
148306025
298331578
485564195
472408101
389086180
689057601
237562541
54719022
598210321
847784654
764182721
877805789
500233939
780621460
881569259
397254480
950591587
992909812
619598990
63313579
256773179
322671675
152057033
490765797
412776454
824826825
344659480
255149332
785494106
951805117
711857592
127903108
195149587
788233377
99171999
720529473
680268159
230440960
43537432
490747066
201893775
710907355
496249016
207255554
88536044
957766185
479198531
602595409
759819329
969198458
299410010
538830405
318414820
188213760
809927463
807037116
95968490
268324090
847898454
681758350
723373932
303124179
992756224
114570724
104465078
962196857
523603315
964397461
321087205
46722416
170021168
868614729
652554114
453270949
573713639
475380535
843117381
96955390
757452951
911035175
399320330
573397954
290279258
911192796
200301245
928310778
119579550
626437343
811649955
564593845
65518989
661326742
175299518
745875731
520074459
221423514
937957390
806257793
288793399
176322019
384158791
407229713
354802433
248555934
475258039
400476856
44130080
53087331
272758362
726600684
210189613
120807228
790946137
54321556
309219677
902735596
564704591
314643527
761760910
607836592
365978715
404745787
929095805
628048380
19908910
543812164
657431603
66151450
668284057
270602624
517251375
994322623
977737248
575402504
637114410
75868771
327701956
836471239
748599087
871493761
594028641
167069542
965862921
786431595
703327071
870473864
484411547
177006429
646259200
139087412
258708657
392694849
244495056
962534499
689824372
556628520
309822909
849286453
379610933
579358348
24320544
484116076
549157682
161698989
756326832
509340346
704098501
106066651
363539579
135487167
174837346
557188888
837880110
265513487
991812755
429635008
496204845
667136743
232986402
544738301
642703992
198989374
265061860
1003504892
670305586
892960789
804392568
38458983
685028232
399565150
938266269
901216522
18256199
226638827
240124190
242934952
912945405
662773298
968749702
971441861
122644566
515449502
773187825
343896704
93765119
640789771
120031824
206175558
923844480
285575118
891024263
521768790
513688412
291795833
373825891
93213325
364543081
510269260
320810971
814476054
677517022
499142013
993844828
16990108
432922897
296426553
8763766
749146252
178722255
442289276
160768885
884808133
129270279
367632660
491025590
113410253
668572642
442848338
409263055
631976517
608177383
342122166
545385976
896038701
461381882
431775907
329281305
921678809
114474528
823255790
169666326
768162954
880871775
659559539
543634788
644558351
581284488
367652690
134242304
249280115
741850571
906961328
756153888
304524478
46517398
774447127
680547106
788413188
323063207
285248678
455571896
706425580
533064629
270012854
851916670
520670493
958717988
27740101
250223363
872078361
811737370
243173191
711062101
80942996
955186466
305850158
397085595
503187854
699394784
699315203
746232381
293318500
857791705
579483917
920778868
568962435
95246792
919151392
198860137
441595488
10190294
540542130
73493113
59190736
13528042
782332279
249107960
856997604
787351854
322634542
558392080
116543861
65122378
558050315
489152114
670607802
12287605
734560783
737110635
176583577
297456623
609538267
405779268
729924447
939460636
885423564
314788585
773340379
968468225
925206456
908776442
414165222
331507136
238141760
699048700
451615105
781582070
234211025
338619249
467582643
564598251
137674528
734209527
760940414
117145599
223378487
755798358
129240133
529968715
994645326
521709914
861434709
487718002
867107294
47843743
402585108
590590071
402011042
890896577
22795680
431595405
595101447
975634845
62613621
479233674
105535318
383223420
928543136
191997881
177771121
735020157
919324520
136085791
494786486
209635181
719786859
646556850
681289266
24498998
378001314
415294982
938291549
204152419
639759212
35797673
998479501
881337850
920312038
821027730
456651924
840082222
177648308
108481859
87537441
946400483
50821245
40967969
484027287
561485908
992071876
118582084
536823402
704329714
474419323
93791264
36422263
970507265
906361156
336336307
683431297
494094233
462104302
263321110
833722114
20853839
435641418
745837221
778903873
415780020
524341957
780876935
652575782
724433745
607992049
850809460
672124838
77606323
240882689
278414427
237350850
772323979
456804235
10051542
800642739
964340299
980977341
623584041
581293883
85439168
565950859
47009074
272291029
554375319
403596222
667527632
156906146
235268616
618517519
854699314
284693964
553129140
828538486
818482414
272742270
630276695
470440212
789122802
721536568
260839261
894808149
99858460
410367590
171490047
919775869
414559364
272192598
913576173
951582584
212900182
836142873
132122461
373955263
591413839
69102742
57528259
269797676
19595420
157709557
442732085
463946056
700875991
335519358
33587025
859198831
371170006
970551505
949661476
192147822
119509044
910572216
493981407
108389504
378989636
237330325
95214996
847343895
4133143
210837097
846197520
250514804
251201085
632850659
414482780
368201257
879687393
985343082
660537946
974500152
75617735
751324972
340189835
651684132
830264852
848856638
373325917
8102537
70396626
822203503
869194046
362618232
629944891
887630000
121141989
245989757
289903073
925107180
645763048
76008670
105288497
630499575
129599949
604858791
286995424
790904829
161968479
629692841
481210009
820846027
647653198
762826635
219442511
836494258
619309180
391432402
487310935
109351615
140692237
420793264
434370817
868068204
974407412
391196175
754208453
177267390
758271179
781598004
784134354
715407545
484848010
997899776
430967596
504061998
848195977
780425461
259388866
361234045
955842354
281163166
687088668
428491787
888693136
88978226
677827065
647346884
216195809
604725458
201156793
963038907
493420825
231810116
894369388
807855966
802700370
904283161
99098750
326096927
684946386
749610592
672168085
867332971
197966663
469531695
187432580
894839866
946579679
229599238
572673042
597604550
693825175
523344818
75424001
73800581
869814081
777334917
729283586
184541836
123763341
81971402
914442487
294938115
656209711
420146197
129393587
619118867
349044196
454826356
381595296
929396344
640033496
321882334
286421979
815135426
516315009
49983790
655869615
594016757
55215363
356160804
131822203
661586466
434598013
474587786
325318734
349041208
859375382
871638825
687829193
545920871
732133343
662364565
316988314
828075402
431757227
7909054
135877602
803927726
15009726
108005212
398883582
850330823
569185488
152778652
344673399
810365736
545325585
672679730
136715416
973404300
807034935
206725374
278502890
876313853
699559059
421305276
546018860
787745827
996429485
273009462
173736367
676091875
44222049
852314297
913290176
986252165
887583639
414592830
17047169
842723200
270910150
512298624
710963364
958023141
200659571
878455808
246596652
230311414
845134661
593986122
806241330
989405157
552036454
830662690
310232004
257499931
338788052
62208078
164837584
1000807853
544948829
375827843
378971019
27113050
887386487
384166239
540349928
556501962
154504359
649985641
477995035
769249476
230106411
668948771
381648698
563569244
223725400
298260961
942344408
215163501
832096964
514877140
305424418
717531662
540578654
64209878
925249924
128655203
319860415
284644325
939915403
894755284
912293449
749872316
394282684
357867842
70307035
376816935
227174917
816462635
609267569
407045882
490038414
147676190
874062723
325830614
137911020
94173517
328564007
94583444
86893728
265549881
87194501
198594051
993143279
547620256
959070248
191068627
562107611
550269493
426858697
913932195
342856828
802575009
285865186
596844572
351292143
309141486
389538410
111856088
713823905
793510185
1002397467
928014312
794425501
24267988
145492352
73353636
133924187
479150410
672556073
301357579
996764908
54439143
231254675
213722535
424552982
594082393
498926214
686651928
705990304
955974895
485289905
811699771
545154409
616587164
33035494
151682499
246371363
857951939
677473711
894686210
909215926
612803269
900477331
870312602
98752322
179231904
584396419
969123812
194159587
963795472
987690868
576736638
749761417
516831368
33261267
453105755
635842116
76112249
886258768
758722816
780046372
540860340
719494522
491937009
884414862
363150115
644536226
834723397
914724584
260851398
312680050
600048368
105906846
853936735
192045342
442859352
474473741
844166417
244489946
179017213
279591693
31409962
955111148
286193538
744195500
124408108
791333742
111110616
817490338
558763838
128302773
480974673
843111204
196201261
802866767
409180223
328305361
332710019
697495715
676467068
909473481
503548863
450898517
595536632
7848395
607093937
300308966
397885547
853452548
886649073
427860407
527593897
966715649
169361703
224065620
202623094
636751481
542121538
100603247
376737625
101104557
945737349
417799195
632614234
71795955
209401270
891533240
26750012
868644885
734946716
572744335
764180332
740446754
370749142
539103425
645396025
86783310
948293994
488469748
52902789
101224193
12273299
16481816
613741950
925832512
739928459
520804160
538522543
425610825
752620007
261271934
324104178
842716599
204085390
892527502
754524511
164085207
853191630
857185851
564395837
747186790
605863304
444235258
246992474
486342967
772881039
575535776
624635487
397423295
911538622
100877211
427327669
923517511
642934222
332765416
117230344
865378892
967485008
170268383
107310816
994513887
669163519
379097361
947433971
528007742
313714502
307458313
550531799
301565611
105947845
222042521
952425532
662292818
165884465
940728866
979333996
772542176
955665577
657537255
181552600
195413909
94849421
396594972
221623509
7242208
46974850
560250066
589645396
175818649
548293710
325524164
643831130
790144438
166080477
60452136
645196753
384107811
366913099
263722539
879413833
309458223
493073391
690264938
776195550
591720597
813605043
671635217
776422764
122068921
711153686
964504048
822550521
932569744
874915003
336193170
138579857
617560892
273158718
622171895
854823768
369329869
193674482
289417984
197198081
925788382
203355908
888160638
265377925
471177394
325941128
475628110
872175869
222528078
809151142
670508074
812385246
45255759
459325105
186460175
581230249
742725601
8209554
143216750
291808461
464861686
572796879
634510184
537562996
176117774
576881591
182493542
136742238
608628951
739057412
735365156
101133584
808354886
220790450
776411792
326862181
419611150
684502943
977163548
571805442
295156485
133528645
929172987
849799427
527137549
839977114
447944940
894731137
966618386
378590354
719021292
307807767
421375949
909542277
813190205
114553431
849064119
141412925
950188708
421225253
994295417
670955479
146456504
157172686
914654022
959776839
529219763
436645571
67187544
664784514
141491733
418779791
768851974
250210969
794604854
93181247
37704229
909675347
982889569
474341713
393674893
189570988
982927017
314245636
287812678
202810705
237715145
593002072
698528744
956623923
178022092
288635441
14964865
894818886
803760557
258130121
167341549
750817731
575176470
684623528
406359403
22765921
495782139
403843700
407977798
8800903
373777216
498068212
552344275
684231417
528005704
936689978
572616248
673631947
137063929
569116664
431783899
84179936
926121706
470205891
811463671
488350099
645238177
914959231
87940874
980532024
220941407
286183450
638943143
397509556
926805992
877720971
499225225
463101144
25250555
144390461
557316880
677326915
807627343
963569573
45707957
541524364
432901644
265684523
809408136
677995459
532076272
597151547
583609111
425189180
172082405
626212037
890546199
296859892
878390949
557439709
725882630
960298986
714660335
259592920
163489952
946733910
869661650
807099520
139143419
660931761
921944812
116276766
425831046
609246117
564347520
144644462
858305927
392519885
786890563
788008881
507491184
202258839
863777495
352650576
90281795
590643071
840653842
898875612
342132223
220819527
337625131
804379490
270477801
776600016
843453470
241646273
974063495
319748842
578240644
530336533
804986807
353763343
493284999
777571849
757407742
849957966
430684616
850729726
703105635
318443853
372491994
675353073
851342449
956132062
906034484
592207706
361747378
862910933
471214922
173121903
554430411
735553757
85567440
878530754
211120695
197659630
564793808
388505949
69855733
17376142
584287272
501522483
270280847
522081014
612756833
919379160
520019814
741101029
670422645
599315172
476772151
745078753
892971235
669391125
825758528
170915197
356273138
927679388
989309487
547069579
168337219
633808222
873230148
674373254
282180134
825533218
583278705
514518128
813314447
299728251
992749675
517301490
760406860
504029456
946798392
786443544
356428933
254874399
613369467
67693365
869265816
529596027
546715326
320642521
636156370
348661664
482323084
648474780
509928591
902460438
795285001
514241397
810151454
41814812
470205963
6293984
257661341
739438459
595600999
955662244
975788397
477441780
376644257
159424714
778792428
355434454
384307056
799388385
745017438
882157342
945261493
926875170
454790537
272455166
227439920
832468332
361071726
248168799
962169160
737437320
618999124
117435787
63533156
270690569
977799101
676610852
395191448
412834171
294538551
549802132
969243244
493585772
519495713
957854954
364788749
692608092
870673341
169633194
267298262
730952656
97418877
349615395
476338158
784737986
601653175
524990189
49767291
754213578
526362692
551203118
16480406
209703834
67497013
804927183
259658234
888173614
726473263
500728580
820132825
608411218
842923771
126051681
195062276
271343616
375373010
793627259
315326144
818129052
84568169
178216014
60552122
678921223
582683859
293977133
716744541
130970285
762648107
551304154
42749145
52206209
127992307
819569414
369734710
73459917
668243235
673039018
339297727
677669509
186660613
716787377
526663144
459658441
94569463
726455660
710157271
192661555
392743223
924618705
598824449
821697428
269400858
414841433
221289755
991887976
91551128
675267230
297920828
400884244
932648692
882879791
865573183
183464056
703973436
5728516
573079591
377229131
916270341
662164809
552567717
521644981
325864969
192993134
793063442
957917667
32233803
149739919
181748059
261316263
339125353
275939345
557089803
393018436
515411138
226732466
552518160
443176190
951451395
578246791
525240658
90971474
135379056
466384034
469155634
1004135345
8178722
958780640
370222668
643228424
606134199
132570932
384316964
382371821
80695370
82295086
84948883
633982013
657531500
530698980
374161453
788861586
375610627
253180436
999985775
802355339
296076497
177657334
604670496
263197761
560896114
213850530
917200375
745575102
517633010
823270355
284358853
514287772
155593381
853558624
258460564
679181542
8973454
65356738
285612002
8093773
90978444
518384132
125352663
376717120
627479633
63674201
208575282
885267439
223441280
1000480786
114539833
846061462
32501578
67692453
985874841
436588703
504515383
317935937
393903209
646846702
950393658
787895922
921252510
766296224
196615079
55716641
359791348
311000228
10088154
557501057
21568453
87513066
493121190
857804619
791146894
560664232
561708426
828851431
185354983
20302700
610684998
742411370
938663355
784594887
607504931
37784534
67902577
774459785
169241102
403461873
410192676
499114317
91992979
907235566
129279233
308760443
497802547
637603753
455467991
408321460
736300771
341716936
374249412
898889654
26058942
795092032
550700881
186060085
466695644
647970462
189398174
59146701
629382824
28628687
631591419
441984104
950012594
394833057
989213887
851136758
367722477
993948084
944673836
253498074
918108284
7918122
507073712
574515962
566776389
652932926
569345430
476824672
769244656
509872562
837557213
156820551
949645052
672593457
557219531
224258383
405290341
450803084
919843080
743772605
700636836
657473676
18914212
748493975
792808900
367317822
147893867
720778596
103298972
752998114
705239761
849892249
711228810
158828069
892812777
680288714
431220370
120030681
866643671
436262302
870495847
951495771
483088082
88968431
969868437
708759263
512198760
474990742
853142254
514085244
926224201
674495191
338129856
948272050
742672129
351355143
193268444
642499740
483279160
379469187
386872041
545747870
501381888
596335492
280370324
859026723
982226024
949630040
895064747
234993051
123378366
825602826
264308233
989545911
958444066
889029867
174492098
689080735
938570380
461007112
443367194
913279104
729252004
930278139
233256517
444380038
630281135
449739385
170857241
651526447
369505767
313222258
261794051
837994741
802204364
446906976
287338279
42831637
106103984
546256048
870149797
661556770
869171159
774991813
978365636
164695095
468927954
928800285
70687404
578702209
27430555
862702186
997676600
716491905
868138710
294269309
875694607
808802917
138888185
834069223
616666204
5799088
682100344
811380870
394878220
394847860
365117290
366033600
215839259
250087188
993929591
235526390
355242192
340220726
645512184
618781309
611797870
446140805
438327418
976895360
334213978
517544343
1000158552
815509410
718229532
217717455
701169821
968371890
355130827
493866355
991039152
779871556
694280162
302533132
1000020512
511913603
973762156
77467875
520209915
880243579
19921283
981420378
145990143
16784848
565218386
981649617
967348472
668394668
908208142
535882237
303464609
228708334
394958756
340835404
214350888
36409434
776449549
179374196
143334840
388488930
394327691
409152210
227786726
372482635
942874433
734917661
727453867
688593477
970692515
477926846
464432252
50934963
564235792
715195631
678284150
109450281
654840926
595681032
937973853
279132096
578108845
514246495
161588569
129580040
444538998
132798480
384007381
480305425
16379131
654913154
459159767
266001556
228292603
725267523
450821825
724074270
933671240
490576107
234257638
7230204
413588116
732797297
614757263
647496866
341927236
850398208
500099235
347410645
556062852
117515489
213098356
881573004
161645901
112640564
670814963
345536487
610045112
730688843
756039224
263803756
151364685
593769245
985387398
880522016
582268737
264729556
40039062
541604582
661312267
11353768
650410560
417246594
976061302
683059255
353925127
974078244
656443494
704795708
481034013
366267594
999594632
917342195
504006575
371297768
253506186
50188266
481586057
953698107
60027370
282494181
837387828
258860053
253914739
182109358
22892444
462612732
570933357
500105150
432149338
140603626
9894729
143707310
434353912
592300583
998862355
603454915
475998135
84265156
731576828
536352367
966884993
583585290
192347154
517657601
292438141
276818008
760394154
576643700
976657204
32529724
457549893
103237925
863724376
37531242
96747191
10458703
915913299
144608347
971952395
322329163
247972605
424750200
26793980
278985982
624094330
993529409
447809797
51635938
295039291
650405109
580976925
876752546
67927041
487856444
160652744
381511887
181165917
60571823
298401439
438397924
597634245
845738949
138555395
332017521
833644970
93474661
869036772
530306283
986271881
39333002
817168887
290576605
132835467
931695475
665860666
339039816
109347776
671465556
838048681
23460390
329176877
909634059
627575427
274812667
663086872
74971590
543513588
230999901
869435572
221160634
148567350
400729355
249139644
102393551
490305966
669116392
366494319
761281398
899903212
770206054
932533579
631509729
170002330
163384627
697208042
698822561
917777608
386569123
600884951
21209695
380559402
313783238
988765556
419786585
506811457
701578939
721970124
365188949
578067036
495301702
182171752
395378692
863198579
760553313
651480327
568601549
935126150
640791232
27219121
772748613
868986271
399721914
464354645
677360503
316333011
849086177
210684372
897072861
444151123
527961006
801731458
416233947
447140992
264014842
648964270
618802455
954457495
951205762
61890185
425110646
484518997
856586890
573556035
87787857
34862820
577178997
332145674
744307034
990516335
266844337
799998634
680793099
486987524
911313821
155409311
60989469
11634552
995528185
901571385
220502647
347454076
131816911
529231500
931206847
47533405
35731364
84476855
42528263
221123396
412252613
662323566
239868079
487927389
765431885
160558169
70536278
588124654
65099567
781900073
718415639
99537416
724738597
986454188
543475233
899888738
182896120
925718880
231686900
695718964
966099227
988171531
126979146
749079221
58499969
902821414
972495240
663398269
86253410
762299206
471723481
702040308
163171967
304601029
829982261
255731222
951977708
184642814
498900960
561989417
44180234
613713903
541176907
695318191
855900843
822182975
815667297
813742208
801619533
130671379
647131334
228668597
485962299
396016988
935455818
758625703
42720322
628567482
115745448
789152576
302309551
451882779
795661920
52037783
925978912
175268235
795901769
581825366
664341141
662041770
426339539
662231200
368240828
417076606
866844587
110982342
486844332
801176214
506388037
432316037
483777782
228643760
881124312
47194367
997575678
907730046
516133477
404056291
118401957
418550172
777475355
478292908
949462047
480699532
996655813
746204309
19428373
94064319
216676458
437042787
455119824
751135390
419145788
281715496
58344355
690382073
718073463
25784543
828646878
431782253
683030769
435299014
906645503
630881437
476808144
432710174
589780410
678177257
210866374
232175866
350149959
467612349
748280070
427455848
922018237
675343136
172086344
294190663
270835332
964237687
321860218
65263207
303842279
117284973
583171583
262280327
592366486
181894231
715181404
457780802
270463862
527324380
564108158
80226744
838727339
604717936
226780320
759677718
984427845
143384799
528234627
145416248
507845457
764160666
975517710
779160936
873092090
172151024
419326334
561295051
77546325
3078111
897923039
208664215
642876396
892050563
537178985
760710181
206604075
177233213
802848236
89238396
571896641
408402966
646011349
137570868
509699328
287911798
605205637
