1003504892
1001702765
1006633826
1004980533
1000479543
1000807853
1008135844
1007121584
1001874421
1002007224
1003662095
1004831314
1007501054
998782820
1007941855
1001652934
1006677713
1006024641
998898591
1006789004
1007287369
997899776
1006403790
1004211609
998012519
1002728924
1000480786
1005991214
1000749875
1000217299
1001415732
1004849475
997575678
1002839633
996509353
1004942620
1005774912
1003983731
997826640
1003440852
1003998607
996427251
998852596
997696082
1004135345
1000615432
999985775
996131955
996916071
1001912472
1001078210
999082918
1004271022
1000014442
1000158552
1004337869
997868097
994322623
999594632
998263007
996133877
993948084
999507816
996537543
995528185
1003310528
1000020512
997404298
1002550232
994992128
998479501
997606107
1002397467
993756251
997742021
992909812
992335749
994392888
997123933
996655813
992519624
1001652813
993253963
992733958
1000735215
998654746
992215466
994195550
997597354
996764908
999314739
996104553
992064331
998831766
996038108
990954048
998219068
993143279
999430450
997062229
993485012
997787685
993957671
994645326
997418323
996429485
991887976
996542588
997676600
997544280
998862355
996182008
991039152
996610590
988759326
990516335
993529409
990977447
992837151
992163177
990343192
989640827
997519303
994150198
993097926
991514392
988732196
992827956
993513171
990255161
988024588
989213887
989957708
987690868
990279670
993929591
991812755
994513887
987350465
994460624
988307275
985870676
993844828
989309487
992560224
994295417
990308047
995166119
989423549
994996069
992766693
988169745
986083908
992749675
986804131
992071876
987690483
988765556
989101526
989545911
986921482
986454188
986341837
985071305
987597027
992756224
988239519
986460569
992508642
987285865
987022553
986653605
987182786
984637115
991233266
988241026
986271881
985997310
985970684
985886873
991244134
983673413
984833058
985416585
989405157
988193219
985523393
984430356
988516698
981481119
984268140
981924729
987447999
981327130
983115821
987382229
988050915
985874841
984427845
980224061
983945257
989160909
989211384
986090846
983976415
986252165
980466930
984042970
981420378
986405593
982226024
987144360
988171531
982927017
987412609
985343082
983472722
980626119
987021135
982349127
979131801
984093399
980532024
984423924
985786838
983676292
982371597
979762257
981494300
977594682
980092902
986651432
986543861
981005560
979333996
985387398
979159942
983392396
981163703
982889569
981968548
976061302
982525560
985069496
983909308
976394960
980000686
984378195
982573081
982553321
975862158
980824306
975281268
979045799
980541397
977175432
975203358
980977341
981043441
976151824
978137837
980170531
982281209
973762156
976657204
974826818
981000094
978365636
973914187
981678540
977799101
974173353
977738528
974769823
978899980
975740899
979454843
981511571
979530463
974348007
974407412
975704244
981649617
981099520
980525639
980559754
979167075
973404300
975517710
974877517
976773651
974063495
975634845
976895360
974500152
973292692
977382809
970692515
972283068
971250524
975640510
972599101
978419804
977547217
977207781
972426696
977163548
971053892
976270618
977737248
969799991
974526354
971181746
972113153
974531630
976220445
970727090
973305078
970551505
970769574
970503209
975286994
977168849
974945984
970424945
974078244
975788397
976106721
968111883
967600352
976867407
967243503
972495240
970300903
975844935
971441861
968197200
972512510
969243244
967525266
966507001
967348472
974153834
975374385
973308927
975217938
966884993
972387295
972135372
965862921
971734898
972541571
972910897
971952395
974327146
967965295
969676409
971233222
968175537
973156423
968371890
969198458
965700805
969590781
969646520
966060569
967276519
965792369
968198090
969993688
968141647
963795472
964397461
968089461
963845513
964498285
964803771
968165023
965449951
965997016
971147555
969868437
962421545
969123812
962457645
961700973
961660863
968749702
967315448
970507265
966943602
966452331
962606036
963206327
963038907
961165745
968294056
968468225
965620688
967485008
966618386
962534499
960718213
965969987
962169160
966715649
959972582
968693420
960912285
963408135
966321105
964230573
964237687
960779625
967028482
962196857
961771156
963154604
966584985
964331220
958312105
959952984
966099227
965795117
964340299
958221792
960303210
961093325
958956173
961382505
963569573
963489050
965401594
959365363
964504048
957955009
959177919
959725305
963543608
959953879
957766185
957917667
959762182
962619548
955914003
963359347
962669522
959070248
957658858
955111148
956623923
962583014
959776839
957133158
958780640
957935471
958996688
955429452
955974895
960298986
956886371
963245561
958053547
960634949
954859457
954710499
957854954
956449970
959352021
962504659
954457495
958023141
959278791
953293289
956275154
955521144
962078931
955842354
953247651
956633706
958119616
955665577
956817553
960205272
953802320
958444066
960155377
952140581
952923533
958280571
957724772
956569712
950772942
955408831
952956846
956430201
958654623
957650156
951149516
954061964
958717988
957129909
957678905
950393658
952458535
953285442
956831999
952086619
954018800
954699140
950012594
951979751
949647487
951449921
955295150
951205762
952803669
951704795
955186466
948531393
956132062
955662244
951216825
956412597
949419859
955649053
954388661
947304303
951175314
950188708
949041952
949994173
954176151
955037019
949645052
954341848
948665349
950765921
953109387
952565774
950324154
949661476
951451395
954926806
953325007
946621948
946860223
952686942
952167649
952097022
951186464
946733910
949630040
947433971
947067747
950009284
952425532
951805117
953698107
951530121
946345354
951265871
944658553
950959977
952109964
946579679
945078859
951977708
946937700
944095026
943833393
945737349
951495771
948293994
944957716
946819298
949652510
948272050
949052851
946129065
951582584
950591587
945537184
947957864
951265013
949819411
944744056
946674682
950950604
950355976
945551777
946321652
944673836
944397219
947753610
940898062
947372034
949363888
943477222
942844118
949462047
942874433
943247601
942861126
943877459
946319907
946180274
948320927
942271017
945174292
942344408
943183525
945495720
942311670
944326440
944157813
940728866
941435844
946337835
946400483
947218977
946798392
938266269
943547479
941828461
947251160
946256624
943275355
947010559
939543712
944184563
939782441
943658939
936726475
945719532
944938033
944524192
944942732
939144042
937957390
945261493
937110697
940238055
937116451
941189704
941986943
935515691
938327758
936421435
936515429
939537791
944484447
939460636
937973853
936689978
938507473
934770063
940277809
935455818
934103067
942832487
942896292
941219039
936026766
942968035
939514940
941912198
935822391
942032461
938663355
937887182
942062708
941678560
933261416
934059887
941948785
937211746
939156958
932773657
940499138
939915403
938570380
939695220
937401808
933741409
935330779
936010964
939383421
940207340
936743128
935939634
938291549
934100200
932569744
934337354
933668420
932533579
934131758
933433204
931695475
935506919
933524335
935126150
934187999
930762563
932805274
933989477
933451845
930657207
929343695
933671240
933881818
929594017
935655258
931206847
931808025
930904968
932995494
928772846
929943870
932648692
930915405
933486470
936816568
936733561
931323478
931202414
927788908
933666190
930057711
928543136
927540393
928800285
928635068
935954390
935439466
928656414
928625431
931881892
926411574
929095805
930192534
928310778
926200731
934151782
927359381
935147897
933079640
929172987
926805992
925107180
930603210
929827886
929693526
934096400
925765499
930592955
927679388
932379640
928779555
933046509
929396344
929717639
927702115
930322875
930278139
925718880
932425362
930045251
924468589
932799772
925249924
926331153
931195234
923948477
928014312
932009423
928572938
928887671
925466055
929572394
924937496
925788382
926224201
925206456
929978653
921640593
927634533
923486562
921493035
927823277
924113799
922438980
925114954
927254194
925410068
926875170
929694144
920856770
928720264
928612958
929224293
926011925
923004637
929402024
921115028
925978912
923317064
920757272
920345013
922756040
921451728
924384056
921415674
919324520
918494688
928166022
924618705
920312038
925629220
923643517
919151392
927287644
920361346
925832512
920178409
923736269
921372051
918108284
923517511
923070322
923844480
926121706
922942695
925110594
923280079
917598176
917200375
918754393
925736397
921944812
916452811
921678809
915913299
925398786
921745663
916096279
917978180
918397429
923992645
922426790
923257663
922857787
919775869
923586867
915672632
919379160
917872326
923382872
920147844
922844910
923530069
915035373
914129681
915790034
922018237
913576173
917908689
915097769
920778868
913381774
913677187
918430099
917777608
918777420
914959231
915149309
921252510
914727428
921981397
914830512
913329883
914907792
914053191
919843080
912949213
912853403
912740663
912904785
919674772
917342195
912580448
913430367
911538622
918990399
919658928
914724584
913290176
914866762
910680031
913914714
916774857
912172076
912293449
910744622
912428833
914654022
913797420
909589817
911921819
912784759
910542590
912689113
909473481
912132450
912822606
914442487
910746007
911035175
916289629
916651697
908510117
908776442
916270341
914395421
914005770
909823503
910501837
909800449
915144001
915178476
915590543
908211143
908692028
907100861
911580702
913066350
911192796
909634059
913932195
912291079
915476411
906361156
912096666
908329605
913279104
913100550
912945405
907121850
909671374
908194789
909873398
907117255
911933742
907260749
905484256
906134090
904269326
906938957
911009933
906034484
912488993
905941893
904123071
909675347
903467827
908636844
905804881
911011036
912094650
910294856
904895241
904062681
910156130
908385280
903958957
903625661
910849982
904283161
910508335
906616577
911696553
911313821
909215926
910844101
904258406
909542277
909307090
907730046
909319201
905196742
908420049
910572216
900706666
907280253
900601668
903803686
908208142
906038731
904969404
906645503
901100585
906047139
899727052
902042246
905915125
899903212
899782385
907235566
900477331
906961328
901444788
905661766
905429238
903164240
907293490
902055814
902460438
907212584
902821414
906083062
907587726
907237884
903164535
901135827
899888738
902039010
898678142
899720215
901265114
900852883
902065457
905247000
903139058
898875612
897684823
905815668
903731421
896697026
905201346
897072861
904731860
903080152
901216522
897436491
899834989
898209745
902755037
900760008
898988686
900115402
896757029
894755284
894875068
897923039
895387533
903917619
896336592
895049325
897057933
899397956
897745062
896692520
897768888
903436532
894369388
902507922
902735596
895648120
898405369
898684971
900723751
900873409
895804914
896758904
895064747
897679162
897216422
895817863
892787340
899492219
894686210
901571385
900902297
896038701
899568114
892971235
892527502
894638413
899649466
891936217
899751173
891133769
892815403
897619037
892442857
897179357
890268086
891533240
892470080
894814531
890776120
897871032
892115132
898569791
893648967
898889654
897310730
889350688
891763097
894818886
894690580
893045859
891331204
891311960
894839866
895508601
889383163
890879761
894329903
892498523
894731137
888553947
894289838
894267735
887583639
892141807
895019263
892960789
894586540
890514888
893733331
893009586
895198864
896344883
894970662
886678923
895518073
890896577
895686431
891010579
893449012
890464105
892880438
894808149
891752691
894792751
891237704
890546199
887630000
892613617
888379755
885267439
894504966
885902497
892050563
894095573
892812777
892060134
884612231
891414970
884383671
885901189
890393253
885123349
890125336
888779527
891360774
888574387
890440449
891024263
891309644
884887274
891535462
883814417
886559731
886144933
884371601
882125164
885999506
885123060
886721486
883594607
888100148
882164994
888788441
882676882
885030876
887903155
890010306
888693136
881908810
885423564
884525462
884502180
885740757
890205627
887244054
887386487
883373064
881208531
889029867
882879791
882108359
886497330
885490609
882906354
884696676
888238837
888173614
883245943
881337850
882424213
879786533
887728712
881712815
888160638
882607402
885095461
879373608
883641035
883634909
880114888
878478009
877792584
878682767
883333562
880018718
885537069
878703301
881787487
885466774
886649073
879018223
882697846
886258768
881124312
879687393
879413833
877421287
879819603
883875065
881573004
879299976
878455808
876752546
876577413
884808133
877862733
876733915
884414862
876313853
879377168
879741155
881569259
881748814
880522016
881568527
878145854
881275739
878291099
875694607
876176155
876761190
878390949
883149234
875951144
875186627
881881819
880861972
875752414
880871775
878530754
877455929
880189872
882157342
874701510
882074984
875438988
873168980
881118725
876320740
879329232
877720971
873092090
876636708
877286177
871407419
877597003
871777246
879994000
880243579
871472480
878690058
873348654
873747549
873971229
874536386
878292640
876851363
870284776
871638825
876186597
871678138
869661650
877760472
869932411
876447534
875048520
869408258
877199206
869762539
871559017
875904093
870819838
872078361
876035845
869298869
873602317
877805789
870673341
869171159
874574569
870848041
875644490
876338534
874915003
869580673
873319459
874078100
875000535
870762313
871365118
873919224
870778131
873681533
866722132
867466399
872175869
871470740
874139702
875390665
868421823
868270170
871890714
871493761
872034339
865615860
871353264
870584603
873230148
873945964
874062723
872551606
870495847
872576457
867107294
866495168
869194046
869265462
870149797
868138710
869814081
873291613
868081689
868644885
868986271
868963321
866844587
863724376
870312602
870473864
864121085
869342568
863419958
868418802
864941281
869937499
868614729
862921199
868278956
869265816
869735732
864015763
870402541
870584363
864199142
869819979
867773851
864435735
861808285
865293998
868068204
865013752
869460252
866226496
865987948
868651168
862497418
868116146
862619058
869036772
862338690
868899125
869435572
864526675
863815996
866643671
867137460
862235198
865732245
860920681
864015931
865772160
860012544
864570358
868127971
865378892
862517592
866776833
867878357
867332971
857951939
858049984
864701633
861413998
864061202
864375956
863423094
865256776
858674587
860470330
860209757
858404134
858305927
865573183
859026723
865024323
862702186
861784183
857205407
858411754
860506460
863034143
859624864
859771170
857804619
863198579
861434709
857185851
857137373
856225754
861557325
864485415
859375382
863917891
861589885
861108491
860839882
862910933
863777495
856997604
863148209
857651467
853558624
856716749
854564138
854169782
857055209
856586890
854125012
859198831
860964055
860535644
858649358
856400649
861228918
858760049
853839080
855838522
857791705
854184262
853142254
860958451
855900843
855506685
853936735
854699314
854613006
854444800
860268051
851756903
854827655
860194684
854573077
856438991
852374815
859859960
851279948
855875054
851136758
856596918
856298715
857829563
850809460
852729335
849547317
858460217
857005264
850489637
857337618
857264390
848702402
853581558
849325250
856896582
848300788
852221712
856461147
850623479
850729726
850993823
850958512
849799427
850007525
856446164
852427114
852314297
854275754
853191630
851189609
854823768
850917109
854146338
850155311
848931564
846938192
848509590
848625759
848404143
851790134
854992364
848346772
853452548
848856638
851278136
851916670
855005918
846416400
852946181
852421871
850330823
847078430
845054839
848057147
846694321
847939493
849081356
845424398
851830528
849702817
848962440
849086177
843683511
851342449
845821707
851204820
847096137
851554155
846362379
851429466
848889553
849003050
846394044
843453470
843403611
849543641
849892249
844166417
850922922
842347479
846197520
850977182
843949094
841851654
849064119
849286453
847784654
850398208
846194760
845721068
846061462
840992245
842737557
846747400
841972545
849957966
845577307
847401701
847898454
848195977
846691492
846417958
847343895
845554127
844174747
840520891
843800259
844016837
845738949
845625950
840147152
846262047
845693842
846324384
840057569
838727339
840931592
844918635
842923771
841531061
839991860
843927118
841314520
841515458
843913733
840082222
846710677
841824265
840277900
837387828
838947417
843586797
837083461
845096717
842699572
841329770
839058053
842318652
839977114
841434013
843117381
841175270
845134661
845237538
835947218
844501296
837557213
842291070
842723200
841201806
840606524
840644544
840284851
840262988
836471239
840358004
837702215
840635716
839621585
839233157
834932062
843111204
834723397
836136372
836166644
841541995
842613987
839551922
842716599
836442403
832931469
842234626
838605849
833722114
838883885
836208359
839693717
840653842
833334376
839369667
838084712
832489812
836822454
832336618
839176798
835010180
838997821
834839374
836142873
833959924
838348720
839116207
836648187
832342088
839430182
837538369
832068648
839395907
837880110
833976847
830009197
836494258
838048681
829521819
838646881
834697999
831218702
833672030
837227384
837994741
837443438
830787267
836185693
829088248
828851431
829856227
830199598
836309488
830335064
833941089
833851242
833928648
830560189
830179921
832440895
828687899
832841263
828606769
828075402
832759433
834580054
828837293
834104618
831153443
827121295
833032829
833807794
835160083
831479347
827845135
835430020
827061612
827019010
834088619
827458111
830368628
826324822
833644970
833311297
832676202
825533218
825361680
830662690
828646878
825758528
830264852
834069223
824296341
825637947
833338821
824658032
833122416
826572234
831076655
828411768
826611041
828605928
827790366
830382311
831851177
829361318
823394099
824194612
832468332
829145256
832096964
829531296
831878325
823303457
830345359
823255790
830096337
823437008
829530451
822267665
823371197
821208610
826856000
824559950
829982261
829276886
830326520
822271946
828984171
826113003
820890287
821787173
820659766
827527089
821338525
820740378
826001499
828508278
825991419
820140919
826116195
820180724
826622470
828538486
821697428
826983387
823270355
827431224
827047675
820696458
824826825
819282895
825602826
821917788
819083663
824487132
825972237
817621727
819236077
820846027
823369147
822550521
821021041
820132825
822836146
820797064
821924963
817118616
823780300
817909322
817725438
823679830
819057135
824499556
822632058
816462635
816117871
823518401
822634390
818192026
820496682
816394608
822182975
815363422
822785403
822203503
824673254
822157478
822060065
822588647
819569414
818545814
820250613
818189168
818129052
813845369
817277195
817873981
817006907
821640222
821027730
819968010
820782753
814417168
819239778
820475981
816494018
822408426
820264186
819547421
816439030
815667297
819372723
821889325
813314447
819178410
812132411
813605043
815135426
812261571
818329659
812079356
815509410
815321182
814883124
813502014
814711599
812385246
819126860
813190205
811816848
813847590
817435264
811041274
817490338
819318354
816370089
811987972
814338663
813828865
817030985
818482414
813635332
814937306
811189307
811342337
814724751
814948463
814227600
817168887
811737370
818086525
811830991
810960470
811289353
816005126
808009366
814248602
816803647
810829358
815519346
811463671
815275981
807948752
812538749
811128024
810151454
814476054
815140404
812167914
810660908
815318464
814188015
809453720
812226494
811649955
807099520
815524458
809293311
811699771
807745110
810627202
811169828
810375422
807685598
813742208
808356402
809602207
809589371
811221639
806257793
804713880
806090420
804779879
810365736
808738853
808022894
809927463
807037116
811380870
808354886
810404951
806124223
811027760
812239946
804789952
805161678
803760557
805598925
803475768
809540763
808802917
806777736
810412505
802866767
808499334
802505142
811148345
804986807
809690476
810970684
805927447
808317533
809403218
803809318
810798993
806858179
801694654
803486959
808844915
803927726
804541181
805715350
807489729
809408136
806241330
804516258
809151142
807855966
801488383
802234502
804927183
801504727
804023293
805387598
806035745
804392568
802848236
805470009
808193507
801731458
801964632
806875421
806646434
799998634
806993360
807627343
804379490
804930526
801294601
801176214
807034935
804335381
804775410
804271128
799897192
800008133
804939630
802355339
797726080
800354219
801949609
804178291
797080792
797944824
801619533
802204364
803244519
799388385
795959313
798701562
799933181
798835043
800895112
801763086
803505118
802669521
803718386
802475475
798697289
799353781
798927930
796944317
800096313
802987199
801712519
794495234
800140675
794139570
802700370
795647925
798950984
797335391
802575009
802636706
799460906
801874621
795888480
800665423
798746097
800642739
800219494
795285001
792902277
795561835
794788913
795152650
794283660
801275616
797698421
798722556
797056188
800945539
794425501
791776082
791091661
790910115
795661920
792630116
790571372
800004709
792073508
791536186
797277930
790099932
795401119
793775602
794935205
795092032
795804622
793055638
790144438
793916973
790736267
798846914
795901769
793766237
789659383
789931324
797990936
795192794
794604854
793627259
789166871
789152576
794490279
794645321
793063442
796931153
791333742
793679234
792513381
797094540
792623681
791487738
793068252
789122802
788311672
789778262
790565862
794222718
793510185
792808900
793260770
787793010
788861586
788233377
794021799
789581355
793311565
789928549
791418274
791146894
785543452
787201211
787078884
791253600
787895922
789627697
789143233
787795858
785494106
788263622
784625122
793648841
792117183
791038304
790388598
793268063
788008881
787486158
790946137
790314659
790904829
791853298
790713011
785738450
791378199
786890563
791717834
787351854
783504073
788098313
784190688
783930909
790091727
791620302
787625428
788925633
789819811
787061995
789845142
788268152
783487363
790252265
784594887
781892096
789727829
785521656
788413188
786887550
788531930
784911817
781241814
784166276
786598647
779857272
787422954
781900073
783462685
785488348
784250446
786431595
779871556
780151948
787745827
785029852
786237874
787397376
784134354
787002398
787446493
780680084
781872589
786443544
777813336
779373150
781598004
778725497
786014916
784737986
780536435
784854850
779534833
785960550
785136446
785219273
780791187
782332279
782373262
780546651
777698025
780415560
785858013
781573933
781167521
784743865
784402086
775631047
781582070
777899257
785029554
777801325
782767640
775193421
779829123
776195550
784031701
784101572
777571849
778903873
781892235
776549080
780046372
781595052
779381630
774459785
774859850
776983262
775854929
776600016
778723803
777475355
773951382
773946403
776684867
780876935
775454771
780425461
780621460
779535713
776681914
778873370
780399000
774991813
781545244
775958450
780066404
778361572
778792428
771419408
776620946
778891100
771393621
780128141
774657693
772165294
774773923
778163678
772728253
776411792
778108041
779135834
779160936
779371606
776422764
777413389
772542176
777771161
773025208
777452734
777334917
772881039
769960535
769512934
774012297
774300663
774005388
773727344
776449549
770883191
776231893
773187825
772948306
777491621
769777711
771708738
776870810
769244656
772877388
776494629
774447127
769240637
773565037
769032281
772323979
775503583
769689578
772814584
770029105
774170438
772043180
773340379
767152812
768145708
765869868
771496415
773948059
771347281
768568731
770206054
766197235
769977122
766016877
772399126
772748613
768851974
768895386
769622616
766296224
769912404
770612660
767848164
771534677
765762732
771584198
767321446
767867095
769123527
764160666
770919446
770261501
768484951
770308715
770779374
767026880
770502206
767436686
764742852
766903058
764335939
762862298
767453897
768926590
764864070
763023810
765399808
762500101
771150275
763982043
770036136
762366622
770429273
764521463
764412348
769523475
766217161
768023225
762729557
760445505
760842359
768162954
767326279
762648107
768102944
769249476
762935736
763642213
760949080
768395128
765524574
764603596
762523310
768293253
765269178
759731910
760313330
766975963
764786770
760406860
762299206
759819329
765300521
761281398
764587270
764182721
761542774
765431885
760553313
762929005
760861675
760155927
762788362
761760910
764654528
758148196
759888087
763284203
757129597
760058816
756495064
763325841
757592061
765318460
756103419
756217857
760940414
761361622
764185796
764180332
759677718
760710181
761742910
761758678
759038854
758625703
762826635
757981106
756306952
757786427
763651917
754213578
763595152
761260333
757452951
757319194
757164570
762069368
762815682
758051488
758302664
754131424
757715118
756326832
755207954
754524511
761153301
753013389
759657417
756424377
755798358
757781430
761696759
755464100
760394154
756736719
752372088
753984294
755966560
756039224
751594166
758722816
759050494
759697011
754121184
754123213
752142950
757018982
752874544
757407742
750605516
750766724
751893575
751178356
758759644
749804881
751324972
753893528
758271179
756289660
752392545
758645605
756609475
754690153
749146252
749079496
751252924
757263342
755219722
751389791
752786663
757517483
749119875
756788562
749626794
757279506
749980438
754530741
748200564
752970114
751403436
751141439
754616998
752722483
754187439
748565518
751106499
748090345
756153888
747648457
753038022
746770496
754386160
746311230
752998114
749708460
754496450
749079221
753449260
755271666
751219822
745457324
745712008
750486793
746159350
753354840
752620007
752525120
750351626
754208453
748999708
751749760
752616331
751135390
745943809
753174213
744195500
753488812
747014483
746241545
749863892
749872316
746456374
747738581
751958086
751977735
743019203
749284247
745499340
745930149
742672129
752181528
750258383
746232381
746404098
747331442
748635572
750817731
742725601
743464490
741831355
749761417
743575342
745461796
749330599
749610592
746204309
745166382
743191898
745575102
748599087
743116270
744307034
745837221
745577069
747802982
748280070
743546052
742799960
748493975
747186790
748746490
749097836
746029871
747201959
741664251
739438459
738890822
743772605
743445645
745348483
739958081
745078753
745875731
747895353
740446754
745017438
744793867
739355237
743266302
741274857
739180160
744280568
743098190
738865359
738265491
737569617
746441175
736553166
742662157
740260228
737189394
739057412
737110635
738408525
740668836
738833760
741267272
742046428
745023326
741342518
740951927
738385627
737435040
741101029
738550844
737437591
740300400
742131924
739928459
737636236
739665325
742411370
736480132
740979426
739033321
735523397
737952015
734916365
738374559
737706822
738154412
736300771
736560632
740451364
735020157
737763798
739909892
734209527
741115683
734917661
734951527
736729329
741850571
741123375
735669537
735767824
739417505
734333623
733182614
735638371
737925726
733409927
733406453
736825745
731024418
736426129
737288606
734902243
737951739
738235865
736881281
738999903
730077367
735101599
730198764
734560783
735788731
732133343
736658374
737437320
735555659
731713326
736769520
738309078
730341824
736817197
731703771
734776070
735493588
733674378
729060029
729609198
734711981
731640806
728424844
733393631
728665898
730842067
736114232
734855272
732797297
734208384
729503260
735365156
735553757
735360871
729541769
727905642
726455660
735751108
734981004
727453867
732339897
734946716
733353438
734786433
732969238
725547650
728765911
731423772
729072063
726111859
725239814
733368632
733517927
726608943
732539579
730786474
724901920
726340135
727664715
724944488
724635520
729280974
730915398
726256720
725267523
726473263
724108973
724487210
730808506
732915431
730688843
729457641
725069327
723415624
728998259
724738597
727370049
724651538
729924447
729252004
730402818
729749462
731576828
725690159
729283586
727473769
730952656
723549027
725882630
726000090
729513591
724074270
729142606
729211250
727996022
721172887
729851683
723373932
726601813
725576104
723193881
723188177
729791814
727938742
728929641
725152435
723172865
721536568
724912667
728033510
722969067
727335703
727548200
720034489
721216155
720586453
725730657
719099685
727444523
718619228
726292923
722509629
719953205
725536747
720117309
717915711
717498791
725143425
720778596
717668839
723589934
724002848
720780229
726600684
717296668
717410041
724433745
717918352
725667410
723302619
725181556
717350820
725747883
719786859
717170183
717852299
719494522
724381451
718623975
715411084
719450783
719021292
721097551
716386744
720529473
715407545
719082700
717874102
721787728
723939180
720022146
719429210
714557575
721498885
722816650
715493977
714962749
718415639
716652508
718229532
713269588
716744541
720831932
721970124
715363301
713485076
715798825
718317401
716157794
717159484
715376487
721286226
721752729
711829411
713189932
717440097
717531662
716491905
715472755
713767921
718710210
715195631
714273537
718073463
719035810
717554547
714068393
716889829
711237008
713823905
717066109
718368717
718912419
715181404
713047786
716787377
713394281
718499720
717367332
716594293
711153686
717758681
709699858
710150351
714660335
711228810
717018478
711019507
708651196
713931048
712053651
716723988
712986905
714492930
713741478
716024285
711729949
710177781
708844119
708796540
710963364
711616301
707824083
714371208
707444222
715378532
708282055
712369857
707407250
707237674
710907355
712991081
706233893
713986136
712215685
711062101
707200701
710204116
707303165
711857592
707722836
713753221
705781524
709655015
711895198
705309863
707265972
706415801
706421178
706390858
707970233
708308445
705680582
712501175
705583158
703932742
706112512
703973436
704891833
706425580
712655434
712363948
711507539
708667584
707053821
711753473
702754384
706829069
708759263
707158616
709224184
702409979
707816604
705037258
710157271
701613580
702040308
708813336
701998870
705388289
702854231
702371999
703327071
703105635
701909155
709290758
706856091
702339801
700875991
702433853
707904908
707001971
701509745
700636836
705074739
701618812
707261917
704903012
708531178
706156988
706580902
701169821
708013915
706072189
701360630
704272382
702596356
698822561
699559059
699330608
705990304
702267882
698274561
699048700
704098501
699685119
705602165
701070923
697558533
705135283
703127126
705239761
706023269
702468062
701521704
704755782
704329714
699662029
701448805
697045029
702684885
704795708
701378425
702059436
700263648
699779837
700335650
701805890
699217623
695881380
698035373
700677185
703889458
696152304
699906504
696998613
696154225
695718964
700257859
699394784
699042503
698613905
697249325
702594795
695571505
695820850
697264945
693970037
697181022
699382092
694700306
696898837
697366186
700162793
701769064
694300095
699315203
701655080
701172069
697146843
699617427
700525533
692628643
701584417
701578939
696118801
698963392
691644038
698528744
693401303
694280162
693728626
691502855
698159635
699504542
697495715
698011920
695979454
692608092
699556432
696058126
698747124
691823691
695122642
697063041
693874934
693241511
692932443
691054804
695031007
697247376
689272147
689824372
697932686
689080735
694424881
694575826
692944917
697921044
690745772
696029516
692193662
694272597
688593477
692176663
690752512
697208042
694263959
695203975
693197458
692817682
688126338
688594868
687964877
695399297
690264938
689877467
693825175
691754932
695318191
688807870
694139165
688016109
685961795
692180227
690382073
689047203
687933269
689293211
690047906
687829193
686014611
690541385
692907237
690287357
684502943
686307806
685648246
684623528
693109780
685325812
693248675
693335343
689692195
689727432
691128613
689375132
688731992
689057601
693074430
683660612
684957779
690197783
689171958
684093929
687751511
684650993
686048197
687130930
682100344
686233358
685236252
683431297
683573245
690772399
688565052
686938624
683860150
683030769
683059255
682864129
689122071
681289266
690422304
688496052
684692129
688296738
686145167
683764654
681766978
689661488
680288714
680183378
684017790
680667540
681477311
679441742
689124960
687595440
686538661
684231417
688048842
680013437
681758350
684211899
683518100
682223128
683761988
686651928
680559187
687818848
687088668
687283339
681346626
678921223
677611971
683725202
684312515
685028232
685797537
678558685
682618557
683336110
684467095
680447745
680358599
682273131
684946386
684143843
683292206
678379351
680946715
684248453
679294877
678236831
677007897
681747746
682187977
680405331
677360503
684554357
681597176
683111043
679701179
675914946
681985564
680475876
680994920
677937063
675343136
682092950
679181542
675655787
681539225
675854986
677060115
673707269
681509636
674495191
674828040
681762831
677326915
682074701
680178034
680176532
678214646
680266029
680547106
681592943
678177257
680740855
677610227
675231504
678450171
676467068
678842381
673741318
678511905
678584253
680268159
671544998
675688086
680793099
676591530
673757245
678267079
672679730
677827065
677669509
678284150
675353073
677995459
676986603
677265200
672085298
678513289
678645726
670508074
672162592
676091875
670388419
675151497
674373254
673904132
673631947
677517022
673912940
677473711
668215329
668948771
669489057
675267230
673716321
674144789
672556073
676610852
667527632
667623569
674082159
671407283
670814963
669163519
671635217
672061207
668572642
670258540
673632273
674113754
669391125
674696382
670607802
673039018
666084231
672168085
667970629
670195061
672593457
674078047
668641287
667143179
665577889
665860666
670879485
668394668
667136743
666413940
673184892
670534549
672944566
665353383
667254880
668218210
667234170
663758090
667946871
671820405
670422645
667663732
672124838
668220990
669348609
664230564
671465556
669621648
670305586
669217334
669669205
662324398
667736684
667462940
662948415
667984528
669253914
665068799
668284057
663915201
661556770
670955479
662231200
668475969
668243235
665377526
664764730
662292818
669116392
663592832
665031643
665994678
666634999
664341141
660816158
664784514
664426754
662773298
666910044
659821492
661951245
664687710
663856939
664995170
667112348
661951405
664602373
661586466
661391795
663473990
662041770
661312267
667055649
659357166
666015554
660931761
666437792
659435145
665816115
666652975
659566107
660826929
657498582
663757789
662364565
663419275
660419574
658878831
663983955
663398269
656900427
660537946
657755290
660139533
659966915
658939502
657032384
662676125
664277884
657807738
657140778
663105093
657122107
659430208
664896277
659559539
662521553
660058669
663086872
660454111
660057163
662323566
656310838
654452173
663608172
657431603
662164809
655800754
656665492
653543662
655006774
660355473
660458345
658464348
653731318
662520738
661326742
657343699
655371571
660007928
658269347
659921413
657537255
652208863
653505699
652932926
653547229
656209711
652359038
658783459
660174248
659182862
658595901
655696091
656443494
656358562
653479386
650737443
659193988
655796984
659836033
650370735
654788619
651684132
657473676
656468262
657531500
659196092
658186683
658563789
654781832
650615195
655869615
656967109
657108791
655553072
656420104
656621310
654486237
650405109
656027744
655313507
652567861
652939401
657358165
651522872
651526447
652554114
654177932
651837433
649956531
654840926
651419620
650047055
647496866
653034309
654913154
648237898
647748216
649893354
651480327
651648263
651481961
652571516
649895938
646729301
653990116
646495854
655269921
648924076
646537482
646556850
646497118
648199127
649648760
653442445
646773930
644984948
648609812
652575782
654009578
645512184
647118161
646140889
651443839
644399069
646120786
652920852
648055383
652784666
650425326
651059349
650498292
647970462
647872464
648316717
646426644
646060702
648927531
646800328
644167155
650410560
642293025
648853202
644558351
649969268
647346884
642703992
646036295
649541410
645557522
649985641
641669892
642554196
648964270
643315532
643298872
640821456
644536226
647942866
649784730
642876396
646270388
647632572
642018496
646010804
644221845
645763048
648474780
643831130
646506511
648123800
643841402
645196753
648787883
640789771
642008457
647193401
640217818
638943143
639298033
646846702
647653198
644711774
638953703
638227538
647131334
640298278
643920055
642934222
643228424
639634623
646046350
646011349
642686056
639404717
640675183
646259200
640578464
645238177
637114410
637959067
636917842
636751481
643440226
645396025
644990695
638772809
644109757
640706940
640801634
636134378
636719276
643659447
638069459
640943858
638945958
637314558
635079810
641708866
636156370
641281245
641406798
638207034
643251118
635649065
634127438
641269633
634225221
633600676
643059982
640033496
639759212
642068837
636779466
640346908
639940688
640663584
632614234
642499740
642122551
641158536
636865859
635948696
638191121
640791232
639779752
641284202
636214751
640248884
638624792
636050465
638117976
633644084
635436303
635351121
633685782
638631753
631248059
634274073
630769437
636718146
638121359
635992064
639149314
637603753
637503993
632298044
635133655
637736706
634216638
637574894
633390467
633156809
637382649
629382824
637014683
634778294
638106305
631509729
636678419
631124448
637361804
637799789
629944891
637255065
630276695
637326128
632829723
631055043
634303424
636325501
631031220
633010157
628684826
633808222
634510184
627930324
631591419
635842116
630881437
627139736
635085954
632088672
626659375
628766832
627052465
634352040
630465189
634250612
632850659
632762898
633982013
634388694
628013063
634632557
626127679
627405893
632399817
630281135
626959303
625799940
625545606
626068363
624848645
625713204
629692841
625684267
628087274
633485468
625751798
629952144
626131848
625702439
626810396
627959830
627479633
625399961
625036335
627293804
623155275
624899300
623584041
624635487
631976517
629656286
631398411
624807094
622605861
622574532
622042965
629628709
627871582
630499575
621835642
628048380
622145766
623765626
629395829
626437343
627575427
629124454
626540001
621660065
629900762
624088550
620620069
628556026
627949495
621984361
619789812
624213786
622171895
623858126
627296170
626378771
628567482
622364382
621090179
619411022
625415145
618802455
625025411
625979844
624327541
626088950
626379831
626925974
623014345
626212037
622327683
622137794
619683312
622630249
620288048
624094330
623036673
625828942
618111195
617671142
624653777
619907849
625384316
616587164
618161693
625139340
615911199
616357565
617192127
616184894
616657739
619851610
616242428
621843941
618763557
619598990
620391444
620681409
621533892
615890892
619971852
618517519
617445473
622637292
618411845
616693949
617855494
619118867
619845926
618797617
614504959
614741135
618039600
621126452
613960912
618433893
617850639
618781309
614898969
615921125
616841221
617095410
614671578
619309180
615628605
618999124
614757263
619728946
617096721
614963924
619757404
616665211
612756833
616388996
614945336
617971483
620050472
616567071
613602681
617560892
612873331
613941262
614031893
611623876
619456401
612265932
610890620
615303933
619253136
613568531
619326094
616469553
614647764
618887679
616221782
609267569
612075129
613841793
618145951
616774280
614296201
612803269
611768864
613741950
615039538
609984450
608956425
612338348
614444138
611289462
616219467
616666204
610537220
608338144
609506242
609595625
614705827
615107754
613369467
612257199
611054993
613713903
610318822
606316492
609234328
607633361
610351883
607992049
613329505
611797870
610678537
611594784
610811818
614659652
613251870
608382879
614763991
607504931
610531925
613200341
604793350
608177383
607348952
606021169
609246117
604534473
608769358
609113349
608885304
605205637
604383494
609318547
603894781
605353127
611703381
608274075
607899414
607378135
610851804
611865949
608411218
607059185
610045112
609337345
605596439
610536711
607764618
605863304
610020438
609976906
608131627
608553771
610684998
604725458
610775834
608056959
608037413
604670496
607836592
603412617
604290504
608628951
602520461
609538267
603648759
603845940
604814909
601133537
600645576
600048368
606386253
604473474
608909279
608976571
602031688
602042439
608008964
603308373
607840237
604858791
598579318
599869936
598212443
608098100
602943161
604040727
607242782
603615537
606052247
598355464
607093937
605896399
599562772
601653175
606894226
606031304
597740405
604658928
598539272
599731819
606134199
599190631
598790396
596540261
601870012
600660739
595952417
600884951
598840754
604717936
596072145
603026743
601600247
600481532
603454915
601357336
604666061
601869644
598531577
596335492
602762685
596478808
601837918
598652581
597581264
600732647
601263067
595681032
599998193
593986122
597245165
595819156
601103576
601794587
600843182
602595409
594188451
599315172
593002072
598824449
597634245
596768157
598270763
596844572
594546156
594028641
596768323
595600999
594945162
600064363
599725843
593626165
595101447
596248476
596866293
598210321
593912148
599125757
592004630
597916967
595515876
598673691
597151547
597604550
595388737
597258745
596379591
596574927
596115221
595183321
594672626
596175481
595536632
597145688
593168702
592580767
597661723
593752491
596784488
593199746
596766073
588959445
596847844
590115901
590590071
596132852
591117232
596045544
589645396
589611627
595890596
594082393
594234894
594534862
590301800
594896912
587744383
593508740
588124654
591413839
588052353
586369772
589780410
593152963
589280134
594016757
593099807
591771297
591720597
592869030
590435608
595223520
590288398
592008504
593769245
591940985
591309181
587689500
586643856
593571100
586198572
593946150
593364507
584215107
587241027
592796417
585614811
591260826
592207706
586642731
586048405
592366486
590614736
592300583
586459899
588497072
583186984
592471324
589670515
590869477
591207781
589169249
590804818
585388090
590051661
588617858
587079385
582612176
591134155
582268737
587070983
588155316
583301197
591041595
589486192
590643071
584390857
581551591
584611075
589476445
583461668
587280801
586267006
580441852
582662738
583278705
583171583
584512122
582683859
587798214
589003921
586362132
586056003
580635750
588436733
588231903
581284488
585322971
581032330
584728834
584322132
579521683
583609111
582990263
581912607
581688337
583304451
584149811
578067036
581142857
578351816
577413287
578306705
581176261
581230249
580976925
585827971
584287272
584605415
581825366
577098288
576893490
583709751
576629287
583695655
584322367
583585290
579275464
576477776
576243712
579358348
581500966
581218067
578108845
584396419
576034925
575402768
575935949
580668954
583133028
575279969
581034094
578246791
577843651
582530182
577059956
577270210
578212334
578240644
575207408
580561948
581293883
578235228
576736638
582165291
574673491
574127814
576881591
575981954
576205431
573902256
581792246
572492601
573079591
577892233
572744335
576437459
572796879
579923546
574291961
574073740
576643700
578702209
577882163
572174377
571896641
574796815
571036122
577178997
570539575
572735891
571165171
579483917
578929928
572582594
573148943
579491875
575092562
576226196
574935540
579250342
576783055
573018907
578964361
569721354
575178677
575121241
568923534
575535776
571805442
573556035
576689584
569032385
568947043
573396913
576659784
572027059
575402504
569345430
576509896
572077631
567405212
570228373
568826833
570672469
571861950
573545122
575176470
568126799
572295011
569777291
571446773
566776389
575738011
569520709
568601549
572923757
572616248
571929465
571342339
574515962
567042662
568276555
573866167
574455125
569923096
574418381
566423758
570681008
569274140
573756904
573397954
572856647
573008620
573713639
564570144
565106975
572673042
573576442
570933357
569962142
570737340
564395837
569383508
568113564
571032671
569324705
567926379
564593845
563267800
569185488
565218386
564235792
562831906
562429343
565693731
562608065
563505444
568138232
564523293
562322523
563868467
563569244
571008147
570275147
567174113
569116664
567325934
565238547
566634227
561416668
565743944
570057790
562952712
566281179
569671767
565950859
568962435
562899082
567008203
567844643
566473961
564108158
559670582
565550130
568135260
561485908
559582446
560664232
567737076
562994632
566578174
559461116
565883212
559516021
561492787
567311986
557941185
564598251
559599692
564411037
564793808
566139751
566982883
561260022
563065833
558916541
558502499
564704591
559097286
560227968
557439709
563947801
560871115
556027927
563166617
557501057
556501962
561989417
561883312
564310865
557217897
558010597
556062852
559097513
558616283
557219531
559927771
564347520
563083454
554430411
555142730
561708426
560245349
557867948
557950791
554675768
557452067
561295051
562107611
555104137
558228030
561483940
557065046
557188888
560250066
559424431
556610080
555261747
553859138
560272851
552908707
558392080
556256051
561987497
558334799
560021809
553904733
555994556
558763838
560896114
555234533
558544643
554599825
555071290
559071325
557316880
552518160
551304154
559933078
553360499
554350039
559068246
558213322
559195336
556631271
557089803
558911982
555702627
552411315
552567717
554533843
552882614
550371587
551068668
557172052
551267882
553610043
549777253
556628520
554115197
558050315
554753009
555722507
549271822
552560244
553641723
551933291
556829541
555784885
548396285
549157682
548332475
548219384
553572744
552344275
554245890
552296721
548042573
556075337
554726066
554375319
551201113
550535685
546009408
550710036
548963411
554363533
550393513
553084431
545795922
550070105
554938205
550531799
548514824
552472050
553129140
549802132
552588776
548293710
550376275
547286314
550423968
544738301
551805591
551647256
545092914
544821010
551993794
550346928
551429736
547069579
552036454
546911172
545747870
551203118
545920871
547811368
550269493
550853435
550700881
551819571
544374635
548290836
548308603
547620256
545095376
543513588
542133271
544846223
543066708
550861523
544540184
543412719
548212443
541301857
543824566
543833361
546256048
544710089
549657879
550236756
541524364
548948765
541182122
549025450
547592495
541470766
545325585
545385976
540860340
541604582
539907927
544948829
542121538
546715326
542712990
543890997
540577824
548393418
546246784
545078229
545587927
539103425
544104835
539043364
545154409
538902736
539503472
537901324
544771948
538691759
541088427
540982600
537178985
543540840
544634153
540578654
540137009
539226226
543475233
541044190
546018860
544806166
541262093
543631412
542910022
539637312
545476261
543634788
536823402
540345237
540149089
541176907
538830405
540349928
536744811
537972529
536309074
542664195
537650852
534880879
541096672
538025671
534127165
543812164
535693949
538505420
538044169
543159655
537611923
535000249
543101817
542542311
538735260
541919956
533981839
542584423
540654822
534384674
536501803
539276561
534262625
540542130
540463643
537381238
533213406
535898304
534236831
541135022
534778320
540999871
540518885
538522543
535882237
537562996
535808926
532076272
534683994
539408956
539664594
534365319
538709749
539030480
537501327
534713099
532712088
532891569
530029153
530761203
536352367
536451209
529828864
530902459
534856107
534709517
530698980
529825412
530336533
535731844
529024397
529219763
536481103
537986831
530306283
529514671
530918891
533796139
534358220
530230948
530814474
533064629
535439591
533933248
527802636
532956995
534802627
528127301
534388740
533655958
527184008
533580879
533451480
531645026
530600185
533219448
534075513
527467725
535011649
529968715
533960149
526362692
533551630
532114529
532409652
526776791
529334189
525191045
526240021
526827351
528005704
525492974
528618038
524383283
526099272
533100254
524990189
530518396
527677984
531473371
530631153
526580154
530910912
526310939
530600403
524401309
526395695
530950659
525836535
526663144
527593897
529970217
529596027
525868498
523791038
530069241
527961006
530001569
528723765
524874626
528234627
525629034
522148625
523025848
529942224
523603315
526162232
522280860
520670493
523344818
523701374
526644956
529231500
521768790
528976152
521994628
529048165
524341957
524857044
522614355
522236365
527137549
522387766
521237774
525425369
528007742
523468896
527895721
526321292
523077230
518483154
527324380
521579688
521614536
524801895
525924870
525980955
520188773
524732384
523951021
520895685
521976338
521644981
517633010
517855617
525389311
520380409
526435270
524760029
520554663
523431526
525458213
519259295
519984462
521500993
516694419
522919566
524395388
520297069
525240658
522140887
520804160
518093216
516916610
515449502
522270881
515411138
515841909
522926545
522081014
519495713
520019814
520413333
521699997
520209915
522899303
514877140
520277197
522429010
518724445
523019419
517444945
518416598
522691328
513153040
517301490
521234097
519574220
518384132
521709914
519794581
513895138
519929905
518660159
515226946
514518128
513537917
515592340
515272985
514241397
511993410
514243097
519031292
516315009
517251375
514355235
520074459
516238582
517389647
514476304
510481983
517657601
519805048
517544343
519343391
512198760
514287772
515913446
514587286
509872562
511130244
509928591
518267749
516163351
516212991
510155625
517223429
518423009
510269260
511228294
508579294
512413916
513156362
516831368
517017582
513085769
511913603
514056125
511307868
515235486
516133477
509754316
509811048
509247946
514246495
509834130
514039187
513688412
509170885
513798589
508300004
512076558
511730945
513248639
514085244
509201791
510060095
514226736
511660441
512298624
507166094
505409118
507533246
514427592
509654025
507491184
514250076
507483813
510150541
512377499
509787529
509699328
512275657
506212045
509697368
506834097
506709619
509374021
505340360
507635735
504959827
507073712
513004344
508275226
506388037
508836169
507845457
508597264
503187854
510206225
508463994
503022428
505014638
506382942
504006575
503548863
502289074
506907395
507330344
508487472
504464631
505865802
507953747
506811457
507561448
506246751
500944924
506109022
509149363
507660308
504918020
509157239
508686553
501474752
509837521
505342422
508412510
503910200
509265503
509340346
502283664
501509124
500119571
505871484
504946189
499798193
503518952
505809118
501043755
505178503
502306932
499225225
507276871
504782036
499142013
498900960
502748531
500099235
504029456
500338743
504582042
504515383
505119869
498969227
498959739
506304379
501348900
505645281
505037016
501954646
497785487
498960202
499153369
505948128
505788463
501021819
500105150
501074345
503300683
497596568
501523494
500728580
502659130
495996635
495760366
500754105
501522483
502888866
498977031
499251470
496249016
501381888
497846622
504061998
499069883
495301702
496204845
499914518
497468816
493981407
500739043
502041581
496834385
497067524
493866355
498705809
494786486
494812957
494137407
498022874
496208285
495169123
496177183
501745544
499114317
498068212
501371787
493771102
500233939
495738096
498926214
496066103
494180461
500540858
494152367
498040259
497802547
493585772
499232903
491924057
499532535
492929348
494291273
496736675
490506982
490765797
497055889
499242974
493121190
490717264
495598365
494807437
496364156
490131419
493286399
491652019
492470991
489397487
491937009
494094233
489997032
490305966
492922318
495782139
490747066
495917531
487904491
497497502
489952578
492441444
490576107
488682382
493073391
491551129
489220540
490038414
496640622
490250129
493420825
489313753
495552732
489409223
486451879
494967739
486428217
491845669
488469748
493570021
488180364
490745368
487718002
494504719
490581638
489309294
487927389
486706476
494316165
493135166
492146505
493284999
488357911
493869273
484256992
492074232
486222449
487537510
486564931
487856444
491025590
486768894
483830974
491079432
484261933
492785192
486342967
484911933
489797616
483158809
487786230
485962299
486701466
483088082
491059441
491905109
488349373
483178835
483777782
491566543
484411547
482849346
487997749
488388321
483710473
485496384
484703228
487109360
486563402
486328076
485251053
489152114
487016029
485730803
481210009
485564195
482513581
484518997
484027287
488300005
480816678
487689887
484848010
479816595
488350099
481204837
483830072
481736247
480675099
487310935
479812059
479198531
481130767
485640299
486120020
478761829
479058968
485165090
486987524
483716402
480699532
481545040
486844332
485574146
485289905
482864978
483458726
477991228
482413865
484392135
479552055
479498984
478922489
480862954
476772151
476676429
481571922
476998801
476741018
477171885
478397546
485308000
477734062
476584179
484116076
479629871
479150410
476509409
481732103
476808144
479591478
474990742
483279160
477926846
474829745
482323084
475628110
478292908
481658755
481534938
476808678
482917679
477003079
476549914
482813353
478346439
481586057
474419323
479373134
481541152
473413865
477571045
480974673
473197739
477473674
473093149
472068552
475707602
476824672
479652507
472008657
476338158
481034013
477441780
472278864
477204016
474766231
480883884
474341713
475258039
476972570
480305425
470883691
476178232
479233674
476215577
470389635
477995035
474587786
477006713
479198504
475007742
477846251
477107317
473868366
478460926
469158372
473848358
469018649
475380535
475799315
477211397
471214922
473705173
469531695
475178092
475998135
470205963
474444132
470474214
470561936
474720849
469151634
471522015
470205891
468799443
472677945
467039145
473323723
475363127
466845452
469458361
471723481
475410008
467853771
475015693
473131018
470792759
472041850
475135959
470440212
470406736
474473741
474689945
470257023
467111168
466079838
473794933
469155634
466602551
466858949
471360406
466585513
465235814
472408101
472134377
471174039
468912984
463946056
472887714
471834856
465252719
469077135
465268209
467254674
468715263
468927954
471177394
465152687
464475748
469547792
467717933
464955908
467371860
467970443
469210351
464432252
464855276
467538665
463919921
461708834
467582643
470361851
470101890
461827433
463944105
469150415
467344870
464354645
464965205
465453349
464124975
462033557
469462188
467423194
466384034
468874372
461362696
460500280
464303725
469427450
460236126
462458271
460154509
466695644
467216807
467208832
468716969
463846089
464861686
460784937
461159735
461377803
460256358
459168235
465341143
467612349
459000186
461726181
463203280
460985480
460165962
460504314
462645965
458663604
457780802
459883815
461381882
461007112
463367094
462612732
464531570
465380432
459325105
456651924
463862997
457068131
459788299
463594386
463101144
463708066
461239767
460889693
458171498
458716638
462786794
464243023
463644234
455607705
457716367
462786510
460697593
461870739
463871769
462014895
461546375
458423308
455894431
455393564
457017013
456804235
462104302
461414251
462109405
462721220
457872646
459659534
457201779
457490488
456717346
460828022
462060453
461597520
459658441
457650536
459441615
457549893
461395668
452700573
460861024
455571896
455513651
456770959
453393812
459719972
453326206
459383945
451642310
455467991
456082727
454407932
452971274
459479432
455770674
458603127
452672403
451161126
452615796
459159767
455119824
450233539
458141695
453776654
456947032
451615105
457676292
449872716
454585177
454120399
452349451
451407761
450064000
451882779
455631471
452380837
451095600
448155769
455674401
453270949
455414379
455084599
450803084
452671796
449954291
451713229
450994152
456346977
448398851
450729553
454321936
452965500
452557026
454790537
451722004
447440169
451292873
453567000
453228891
454826356
447170720
446020280
449295044
449898971
446756758
455089205
454578492
449679858
453105755
449726828
453498477
450619698
449642757
450898517
452210833
447809797
447318582
446204374
452247101
450821825
449069723
449885390
450638343
447200651
447196413
451243985
447175232
444151123
450485546
444519146
449030712
447140992
446004424
443381842
450995250
446958731
444235258
450300938
448966119
446377096
445578404
450012835
448538978
443204900
442124221
444776685
442859352
446476481
449767053
449739385
447462409
444529743
443764363
444176180
449127941
450023274
442037170
446906976
447667218
446382461
446621036
448481136
447105769
442732085
447944940
443113538
442099129
443342963
441662266
448372368
442289276
444538998
440849369
445329426
442848338
444469369
442806666
438277500
439323842
441613045
447168586
442736848
446238036
446038331
442368182
445780258
444186533
444380038
443556013
443999236
446515059
443176190
446140805
445728587
438397924
436645571
440477296
442391030
443212585
442850550
441225866
439317140
437980773
436481813
441646254
440567060
444690855
443367194
441984104
437934922
438262589
436254091
444377632
441595488
443769375
434370817
437443949
443532331
438839646
436588703
439620319
443287646
433736177
439285599
441013042
438127459
439257411
434112888
435801818
437042787
442030316
435476847
439103137
433864904
432316037
432856460
436262302
433140125
434919995
432427846
432238774
432751332
440986410
440551347
441195394
438571006
432353267
431478295
430968540
440102684
436341587
436527135
433152616
440247243
435601153
432710174
439281547
435299014
436393588
439522625
435383463
432615386
435261806
437243556
430417002
430967596
435871296
434758998
429466180
431595405
432569901
432307058
438327418
430684616
434598013
436088595
430829562
432901644
428348195
437517510
428813418
428362392
435375855
432149338
437099832
431630766
435585932
430127889
427670914
435641418
435841509
429531391
428216126
433476724
432304383
431783899
427860407
426172361
434603113
428825554
430910901
427785643
428171539
434461204
428454485
430658551
426111200
425635760
427943822
430625418
426973382
434353912
428285135
431078532
428939439
427374343
427455848
431775907
432922897
429635008
431105834
431757227
427020621
431504092
426858697
430971459
431220370
427821378
430888468
431782253
426995324
427868129
428119742
432356104
429684120
426885534
431189057
422144870
430465429
428155575
427036114
431500950
424335913
428491787
431062433
430227806
423771676
427086862
422151403
427284818
427801072
421375949
422255964
423468504
421450365
420793264
424411392
427343377
428538359
421078786
421623609
420315958
424807791
423360061
419786585
425288026
420450934
427722613
424562721
424737301
426045011
427327669
422079038
426575783
427744643
426339539
425830675
423007464
425110646
427269096
418779791
421709403
421305276
420146197
419390316
424552982
424034345
419611150
422608372
417246594
423170174
420012198
425610825
423761382
424195863
419145788
416977643
416274700
425831046
424750200
423847257
417076606
421051756
425189180
419326334
421563619
422509472
417886793
424330964
416302166
417866764
419673992
420785360
422750178
419027062
416795721
416396590
421225253
415894110
414841433
423066175
422110487
414418800
422522742
415275048
417012360
422372712
416165639
420089421
415129327
415090559
419340563
418550172
415845043
418239047
417390904
412776454
418802390
414075024
411810012
411917832
413015928
417621367
419170828
415624493
416233947
414367895
419433909
415235927
417175387
414245091
414444361
413900823
419356144
419943504
412635668
418114564
419931654
416133768
411271254
419268714
415591228
412185373
418162062
418416834
415032566
415467813
414440489
414775824
409180223
415294982
414165222
414559364
410913555
417371946
415307104
416601215
417799195
408100598
415453566
414592830
410036076
409152210
416227499
412834171
413944640
409521525
413137752
414105425
415901605
414447231
410395817
415235470
406454112
415219988
415780020
413770025
411686294
411763639
409182351
409792439
415260474
413210850
406427791
412871167
414482780
409263055
411596933
406064482
410255994
409168872
408092969
411165312
408323322
412252613
408526455
408616503
409946974
413588116
410967390
405718082
403906497
409283190
411583039
409792018
405779268
409764417
412037133
412359101
406446457
406091435
405938663
405643547
407977798
405077518
408402966
406644961
402023463
405196570
402320080
410192676
404190170
402041054
402407720
403905496
411071037
410367590
402552130
410368207
407045882
402585108
408610192
403461873
408248557
405317233
405515398
409849886
400949425
400920328
406359403
405290341
408728060
401468445
405947916
406089982
400729355
405292743
402709516
408321460
405325332
406574312
401613104
399855192
404526037
401631383
402011042
400965442
402696989
407229713
406436030
400884244
405995229
399320330
404166361
406786682
402861881
398678188
406691633
399503923
402233403
403292663
403596222
399721914
403159856
405781139
400680083
396319554
404846726
398654669
405165474
403175090
396516153
404745787
404999135
404265916
399581497
398290584
402808698
403843700
397423295
402428331
397085595
396988221
400476856
396138131
396114169
404056291
395191448
396367076
398352091
393834153
400753345
394796749
393530564
399045030
394016160
401784423
398883133
394958756
399425823
399577235
398883582
402468276
402055069
393674893
394833057
396594972
397509556
394408158
394506922
396520724
401285877
391687824
393808209
397565923
393365902
393992993
397694417
399565150
397885547
396998758
396016988
392694849
398338490
399855621
397746412
394327691
391670334
396838625
396245756
391576109
395378692
394378566
397254480
392336345
395558859
389454697
395417125
393556348
395256466
390097872
395877977
396667560
395118383
394388693
397864452
388488930
389671771
390312288
392519885
393956288
391648089
394878220
394967220
390289143
395729275
391700614
393018436
389142843
388015697
394582267
386872041
392743223
389400144
393700382
389538410
394282684
389311834
395440064
394847860
392317430
392250296
389837377
394492220
386267263
393903209
386604603
386344761
391432402
394126178
392692244
386840820
386582207
391899196
385245642
388412481
391196175
385625628
387161940
387251586
385665839
385135082
391112411
390960895
390074201
383901020
387320438
386569123
385714739
386778312
389500577
387072971
386865066
384043886
388497562
388519115
389086180
389539264
385994181
382038402
385686876
384899805
390805481
382472445
386037750
388046487
383578494
385509128
383551651
388756750
384756352
390561169
381255401
384316964
380925940
386776351
381100715
389803266
388505949
384158791
384107811
389363235
385437482
379694426
385923422
382622952
385617091
380752404
388193550
384007381
379469187
387924597
387314091
384484449
386201682
387031925
385138074
383955886
387636477
384206907
387304149
384664036
385651338
379705228
378001314
385450630
382515610
383223420
383390269
382371821
376816935
378590354
383483715
386150925
379576295
381117402
378509200
376808388
377921587
384166239
379610933
381244322
380559402
375610627
378865841
378293675
381434882
381002004
384307056
384580936
384243413
383029877
381595296
377229131
382206287
381459669
382095748
375927730
381648698
373825891
378031546
379114743
381689153
382597280
381511887
379097361
379210821
377466330
378218377
375846233
376717120
379466213
377950909
373138222
379877950
374400097
379434618
372385473
379491144
375995707
381112922
377327323
380845683
375351136
373325917
376413167
380275845
376737625
378000894
373777216
376644257
372357000
375064314
374075788
378971019
377480393
375933373
373955263
376733934
373975297
371170006
373222955
376222177
376669810
374317933
371297768
378989636
374161453
371442365
372519623
371410232
376525321
374490288
370675999
377342958
377979725
375827843
370749142
369985501
369734710
373235381
370924653
369329869
368201257
367721159
369876930
373739282
375373010
367393845
374489712
370489655
372491994
373111768
366855801
369063067
374783422
375905956
368560181
375829889
372560372
369228504
374097264
367652690
370222668
367404474
367761353
372274989
371082403
374291808
365647872
369405151
369949431
374249412
367722477
365978715
373860801
373135691
367390000
367542670
364679729
368240828
365227771
372801539
366128067
368989311
372700003
368538119
369505767
372482635
365694011
364864603
369874266
367759247
372057217
366559911
364845649
371570135
365117290
364543081
365906100
369202092
364992798
366662961
365097944
364788749
362603025
367317822
366913099
366033600
369540500
367375632
367802550
370406068
369648096
365091037
368829514
361396264
368622029
367010660
366267594
363840706
368756630
365959365
369074213
359937801
364414756
365145112
361645048
367821831
359016949
362577757
359110532
359682809
365198028
361981213
366494319
359887404
367632660
367361047
363880568
360106403
362904792
361601565
364177068
365188949
364645427
359204705
363504231
360805935
363862618
361234045
364325817
365418650
361424902
363539579
364739361
361071726
361666560
357509348
356273138
363405385
358354848
362026947
361058934
355614343
357294789
359790326
363889859
356284206
356945236
358305312
356710679
355287940
354489318
364012044
361116737
363150115
358955338
359074155
358259013
356237155
355130827
362980209
359791348
362618232
353713099
354543160
353861291
361604198
356428933
353553558
354335223
360974833
360920258
361747378
353763343
357002524
361870888
354802433
361645516
356260385
357927684
360577048
354568191
353681943
354901286
357100700
352878659
356259031
354088646
352657447
357522239
358809099
359117958
356064220
358435477
352778607
352491820
352188836
356267402
356160804
355423342
359470062
355434454
349842137
352855925
358240200
349041208
356374351
354390051
352496804
348661664
357867842
357736273
349590745
355242192
353439641
355688885
349934370
350259465
354921252
348246297
349762268
349987625
356840101
352346554
355357230
353479889
354337645
355578723
349072389
355645486
351918941
349081311
349595504
351222677
351522270
351355143
353925127
350133765
353232682
350166666
350149959
346037254
345536487
346743526
345498417
347397328
346264567
350994160
346751339
354155511
351292143
350490042
345284632
352650576
353699889
350959231
351749091
344776535
349055606
350793350
343893126
347797389
348262436
349615395
352800278
347818860
349868354
346883812
350767721
349404627
349914181
344188308
349240493
350866702
349705177
346667681
346110701
350676797
349406779
341927236
343978265
341447374
343076337
342683234
345725918
343072503
344673399
341970382
348238830
347454076
342132223
342579165
346958526
340736418
344638505
345460948
344659480
349642111
347135873
339714721
341716936
343951756
347488004
344979702
349044196
339286991
340381687
339727466
347254668
339039816
344957866
341896446
340189835
338498597
338621114
345712814
341553100
339297727
341656024
347410645
337841415
342856828
343215350
346144003
338129856
343896704
342122166
346392624
337764194
338969712
338033303
343763441
336407385
339970899
336193170
342374959
339132423
341490600
336405921
339075019
339981751
340421485
340212936
344738012
342078668
336339884
337836288
343894353
335885311
336730656
339161349
342545880
339295205
341724564
341869996
338561354
342244440
341254415
340835404
337687203
339197358
339125353
340220726
338788052
338236791
340608992
338348533
339458034
337333361
339762316
338764900
338619249
337111346
341319395
341137931
336495665
337497467
337486703
339705478
332359693
337168586
333609564
332757307
339517292
336116944
331507136
338390766
335837440
337109304
339018629
337722500
335033671
336300299
337519448
335400924
337727615
339424447
331037830
334728746
337810572
336336307
338173958
337625131
338063631
336829359
331248677
334716690
332601690
332595933
334213978
336199043
329478641
336947685
333636537
329364727
328436544
330237010
332076835
330046537
330014065
329286078
332145674
327631027
334826552
335698305
335519358
335573882
329281305
332017521
332765416
333008693
328088032
334129881
329176877
329915243
330088343
327967050
330766549
328665550
332723907
326563547
333111602
334768926
328948466
326376378
330952270
327701956
325941128
326089304
325091935
327820588
327670823
324487527
328267106
332710019
329935383
325516481
325864969
333020023
326698441
325272546
329269579
326578836
325318734
330204193
332944454
330187314
332432379
330038151
327446211
324851391
325524164
329722907
326847974
329626182
329673466
330783675
329747264
327742685
327357571
328564007
322329163
323404481
321978686
328462213
330587500
327090077
321084747
325761316
327736455
327190411
322634542
328305361
323556716
329645058
325830614
320402953
320719925
322177152
326083733
327308082
323164870
325429351
324104178
324059453
326632594
323531012
326099707
321383163
326247453
320077919
319290644
318443853
325229918
319256073
322396116
321526876
325381794
326740220
324981975
322671675
325232708
324019474
326862181
321860218
326664536
324719348
326096927
317134427
321882334
323063207
320648714
319860415
316338209
317454044
325048398
316063442
320492198
320810971
324090724
318124928
319810221
321764122
324557065
321278966
315985073
318818945
320447804
318402146
320024951
322886477
320642521
321269819
317168251
318771710
317588432
321436092
320357072
322132488
322091136
313631446
320238541
317958575
319456612
318204675
313010338
322372673
314762773
318414820
316296584
322453049
317935937
317794894
321362201
313004394
321713580
321087205
315604101
313222258
311716972
314788585
315299427
318258871
312920990
317163391
314302750
312615474
319926497
315113449
319823333
310545045
311755375
318412975
317118230
319748842
310232004
312336664
316018764
314643527
315845924
316333011
317976806
311377355
318750131
318025048
314078528
313190967
318610344
309782437
309458223
316792871
316988314
311000228
316163202
310535828
309822909
313458790
313714502
311563057
311191254
315326144
314038150
316433936
307445359
314581792
315056212
315306444
313783238
310680641
307807767
307461363
314245636
315070484
310118868
312680050
314952764
312154958
314568893
311179073
313251149
309141486
311184701
313885964
314549816
306285638
307213828
309438971
305437432
307115329
307458313
313808181
314339040
309219677
306384745
304388891
308426160
309851451
309708769
305191388
309520867
313007631
309784683
311063809
310281064
312471105
308104194
303289960
304584340
308464375
307233903
303658201
304310623
302747314
307866504
309067048
308397600
303689521
309537255
308718913
311398349
307909125
302664893
301565611
310827001
302753049
305497148
310270629
308209175
301357579
307437273
302149272
303124179
305850158
303981199
304524478
308760443
302051965
305426359
304805943
308758475
304839277
309049376
309226771
300749842
302388496
305644170
307866062
306271105
305424418
305201337
304944481
300519375
299315635
298260961
303574991
300216101
305263161
305549965
301475265
300453639
299376778
303252537
301422037
300308966
301318253
302533132
306798688
298701580
298446672
302554973
303464609
300119846
297474524
297152899
303914282
304601029
298401439
299185854
304181241
297887722
298419102
295917439
303104264
296989018
296445236
296559919
296587076
296980186
295247820
299309767
297399319
296453510
303842279
300198290
301207879
296859892
294870987
299530338
302602571
303482764
303008300
302309551
296076497
295921565
296082221
295112319
297646917
295039291
299728251
296961408
294269309
293664616
296588656
296426553
298331578
299623169
293503410
298508386
295620542
293581832
293977133
292620017
297920828
297909649
294190663
296739370
297889132
299410010
291221400
295307783
291367803
295156485
298168102
294938115
293784151
297456623
299623211
297652020
298976436
297851880
290279258
295718462
292432143
291795833
294598880
297669582
297395734
292429010
292258212
289683502
295849153
292690204
288793399
289276009
297328732
292181534
289371251
297249470
297307571
295895626
287957378
287613811
287845033
296754655
287300400
288385566
289417984
286907776
290576605
289878505
290997357
295140046
294538551
287812678
292438141
287240017
293318500
289903073
291318300
291389793
292758263
294570376
287508835
288970062
294028725
291808461
286189687
292028366
293276321
286410784
289285214
284866354
286421979
284660843
284358853
293103131
288617906
290209467
289786162
292551028
285870428
289227672
283879833
283208723
285674049
287277781
289998548
290572223
283840321
284693964
283675004
283781898
286155571
283549982
285575118
283558142
285243859
287803424
282937505
290412567
282202742
286060508
281842958
287547067
290699718
290463837
282861996
286193538
284049890
288635441
284644325
286908288
288725119
289760323
285464754
285612002
284020289
287754073
286995424
281715496
281060369
286205229
280123029
285355084
280771772
279571710
280513347
281354728
285612905
281163166
287338279
288310691
283839365
281628174
287034002
287911798
279843453
279132096
285865186
286498361
279713918
280753863
285248678
281394680
281133021
285947848
277044176
280748462
279505230
280490794
278985982
278502890
286183450
278026370
278250651
284036406
276118456
279320299
284926570
282494181
277095046
277297558
275990084
278511594
276235334
278249766
283541058
275786198
278414427
279591693
280547044
281354093
281601598
283627174
279389390
274796319
281639853
282180134
275917015
276003220
273603584
274891784
282759586
280327024
281075864
276818008
275479638
280331103
280918103
279207586
280370324
275939345
272707850
272939413
278878996
272705897
281510105
277914504
273303796
272912371
276580583
278045769
276302069
273357760
278306161
278871036
272105844
272742270
272853936
280485681
270905364
277355217
274190930
276391775
270262104
274238534
278482852
278808524
275724836
274420255
274542822
273190266
279210024
272950184
271271680
269843394
273158718
270897697
270012854
273009462
273451404
269803279
272183600
272455166
270602624
273988581
274812667
274580621
272031029
270505979
272123597
274499838
272892291
270018012
276202515
276448140
269235598
267752901
273216231
272758362
268011952
266823878
270910150
271333117
275053244
268897958
270162160
274571616
272291029
275276772
273595581
269123295
272693548
274650110
272101630
269400858
272947500
269551950
274294840
272192598
267656195
271621650
270800471
265755064
267526048
265825692
268324090
273718231
267959445
265513487
270280847
265803024
269845404
269487447
263493985
270101936
270477801
271343616
263321110
266127761
266365666
269797676
264009555
265217901
268988241
268383713
270097436
264729556
266924033
270859748
264340369
270382650
270690569
270361303
270463862
270835332
264308233
268829996
269325487
261884269
264856645
262611255
264219592
264014842
260940146
266844337
264230342
264907722
266733098
263803756
264529696
262217275
265750613
260494117
267922569
261288021
266001556
262051947
264927493
265061860
264686134
265016925
267266964
265684523
258980574
267298262
263246068
263428748
259998609
264204583
258869941
263833671
263644870
264886011
260154145
257499931
266201475
266560438
260839261
259388866
264649417
262280327
261104527
264368839
261546728
265549881
264070038
257791278
261792730
258674274
257661341
265377925
257927961
261744016
261271934
259124735
260023057
259854298
261794051
258708657
256866990
261581432
256648298
263722539
257806307
260531032
258860053
263197761
253914739
262922665
255396547
255241775
259032714
256406084
255162911
254920842
253639154
255489531
261307220
261186427
261316263
262264624
252993430
259253070
252905314
257904496
256390099
254903597
255514058
259007988
259658234
260851398
252927172
259425624
258822570
257016594
252855873
259592920
254682573
256694897
258460564
258130121
258199649
259670390
256362722
252704451
259648263
251694616
255731222
252879052
253609169
251201085
258310448
251925497
250490108
254922187
256773179
250514804
252174290
255496130
252025584
254954197
252108639
249032522
253135324
255149332
253407419
256706767
252884356
254474595
252246757
253506186
256083015
248707645
251457819
247524513
256453508
251731472
252825482
248897739
248168799
253231724
249666899
249179903
248011753
254874399
247351242
246371363
253699022
253498074
247744823
250797664
245989757
253180436
253597823
248643579
251700961
249250799
247101733
253420508
250087188
250792908
248555934
246596652
247596165
246992474
244863991
248730081
250808771
244495187
250720029
253389603
247972605
245121254
252961985
245922039
243430140
243013902
245466355
243496863
252345617
242423851
244282605
243602119
243119586
247565085
248663988
246351731
242188930
244091957
246233646
242242605
250210969
248970640
244495056
247401863
246908395
246374136
245829972
243173191
250223363
245399708
249139644
249524474
244489946
243749557
246275691
249280115
244935152
249107960
245319964
248454305
248391119
248389883
241538411
242304034
241218670
241646273
239608556
245091306
247252336
247190475
241207632
238520976
242818849
238366042
238895572
245466996
246414339
238151573
237982028
239019568
243456844
244509954
243349897
245354605
243093717
239429140
238224025
244052001
237715145
244506637
241152380
237753565
242628522
240961545
237350850
239944552
244909281
238024152
235551170
239747416
242186200
240461797
241240903
244399465
238917146
244673570
234823799
236132956
240557928
240124190
244234485
240944854
239868079
240234813
242934952
242231531
235268616
233969485
237562541
243270767
239011431
234523230
235042555
242119858
236994983
237013176
232986402
238141760
233238256
237446909
240882689
232460987
233905192
240212742
240711583
234157753
237945869
238233974
237803537
233026300
234874757
234739574
237855631
239430359
235581963
232930925
238105931
235161804
233458261
235526390
235892507
237330325
231865808
236106964
235347221
236411042
234268173
231546916
238283768
233158329
237013261
229415347
232175866
234845046
231161830
234257638
237575232
234069105
230999901
228924072
228912052
234767776
237152651
235417797
231394440
231254675
231823711
234516002
236415938
230464453
232536954
233256517
234993051
229318039
227783389
226912272
228996520
230963573
230321076
228292603
233812967
233207052
229998398
234037555
235113644
231810116
234211025
231220869
231686900
234042618
227709524
226638827
233236893
233156808
232072039
228896628
230106411
226433746
230311414
229294387
231567379
232392345
232922589
224292926
227174917
231656810
226920110
226878451
228281401
230440960
223727777
230728852
226965071
224258383
228966912
223137334
231909548
223433629
229982849
223756392
228708334
227615150
229599238
224829077
227786726
223885533
230494553
229537490
224065620
223673482
228668597
228541908
228082616
224541048
223378487
221732987
222685298
228643760
221268794
227439920
220941407
222430328
220769509
227040785
221423514
225343139
221110133
221777970
225243644
220291023
222528078
223725400
226732466
222960914
225623856
225319543
220790450
224676518
220861332
222804330
218832527
226275433
226780320
219377004
219553832
218505713
221644099
217717455
221680031
222959249
226808020
226991839
220815180
225728056
221160634
226751289
226543467
221848220
221289755
224292517
225030899
218648623
220641037
225595080
223441280
221623509
216052416
222040488
219039618
220878938
215966726
218570814
216676458
216941729
219802099
220276644
217732818
215049742
221492857
223592378
221950109
220775409
222492265
217862316
220502647
218444488
214350888
222580189
216232476
223334990
221123396
222946923
221742171
217665546
214752409
217016065
218483663
212841759
222042521
220819527
213061935
213589640
215809363
213850530
219442511
212752010
219294770
215736312
213550611
218829360
212760943
215133445
212250282
215607137
215163501
211120695
219643540
220100615
213098356
213422015
219181279
212580499
213457681
216719725
213684856
214182036
209767486
210866374
211074907
210802996
213005339
212900182
210962003
213120779
214419046
216491584
210494088
210719935
208664215
210076071
208451368
208859415
215132468
217943578
211244271
212374902
213041726
216999379
211198136
210470134
213944721
209915241
216195809
211509973
214331320
214550372
212684641
208413160
212177505
209601646
215839259
215226081
213722535
213200696
206987946
210533009
215435694
212807168
209834239
210684372
206123584
212960786
209039299
212858043
207562852
211094070
208952642
206479901
210394527
205566677
212628292
209044296
208575282
210396605
204926190
211894757
208260452
206604075
204085390
205830260
210075083
212304627
209401270
210205985
206539303
203825851
204407379
212190009
209534056
210837097
205327811
209714298
209411827
202470387
207957249
206329282
206352612
205248975
204498898
209602449
205632405
207255554
207044732
204490689
207277556
204140032
206858228
209034797
201168817
201956345
209635181
210189613
204152419
209703834
204579044
200608479
200046723
208728928
206566734
208876381
205504669
205476497
206340929
199782519
205894498
202305347
204002374
203267730
203732827
207210631
203510016
200071362
206175558
202908352
201893775
202612721
206508876
203727208
203228821
201156793
200301245
206725374
205012224
203504300
206231462
205527589
198542900
202810705
199475024
198594051
196615079
201327088
204544770
205000633
197659630
197292974
202623094
205107009
196574375
204321824
203101886
200532929
200659571
200623102
197147734
201443917
203819549
196855457
201911867
203355908
197128336
194528873
202165635
197839426
199702591
197923672
197634445
195062276
195188223
198398337
202258839
194405849
194710360
198860137
201531963
198809600
199619735
195411025
199507366
197871561
193205080
196801768
196813301
197997909
201657792
193268444
192147822
191971720
197198081
197006705
197919674
199458509
192993134
196201261
194477128
198989374
192661555
192964723
197966663
191053285
192872970
192045342
194341950
197802944
190646994
192375322
190771569
198909436
193053557
196022575
192871779
189255037
195149587
190435001
198147846
195767151
197688493
192347154
189319028
190194928
195900970
192441811
189331668
196908334
189398174
195652127
194766489
195413909
195851546
188470272
187432580
192490624
194811585
194490458
189713116
194059852
187678778
195353183
188833030
189558568
194159587
192632221
188867705
189608088
186255368
187314023
193674482
194679954
186451878
195042200
192488428
191068627
191089476
192646167
186660613
186753669
189699151
190098597
192673308
184541836
190655396
189942840
188759061
191538093
185305229
190490656
185224512
190473397
185869662
188535544
184024406
193181662
186097970
189151728
184624423
186436261
186983183
189570988
190231804
191997881
187365810
182594379
191480548
184642814
184288783
186460175
184019722
181935437
190808397
190564356
181748059
182631751
184737299
184348982
185354983
186060085
185967018
183464056
189447211
187894401
189979943
185770621
189183988
182390012
188821875
181552600
188213760
181903352
186063816
184842742
183858887
185663978
181445178
184939802
187064458
186223665
179231904
178929244
186343524
183218098
178699570
181894231
183835784
179374196
186097512
184201873
180622351
184321648
184867107
182109358
183567646
185740131
185134715
178123755
178494476
181171627
178948105
181900737
182149901
182493542
179017213
182171752
183915746
180989484
176282303
183413547
177577019
176656292
182079946
182704216
180120115
177771121
178368949
177006429
179343853
178722255
178227664
175589910
179075564
178216014
175818649
175368860
175268235
182896120
180011219
180205370
176567877
175442096
181469652
181165917
176729645
173466836
181921341
178397017
174507924
176583577
177015722
175453853
178525778
175384840
175764944
180216168
175178452
177305457
174098823
180737110
174730658
179455631
180850470
175973849
177594089
177285660
176737969
175299518
174065671
171490047
179826797
172082405
177233213
171977283
174387071
177058193
173121903
175936243
174837346
176971541
171167048
176682423
174492098
170760034
177657334
174881988
169278242
178430789
177267390
178022092
176117774
171173612
171215249
169429242
176322019
170021168
177648308
176563231
172693709
176019414
167853391
174019091
169779890
174473604
172048916
170225443
169633194
171512833
169361703
172773782
174005210
172896950
168800368
173592823
173501950
169484957
167629238
169490215
173427096
168899649
165730741
173870825
172358668
170857241
167344369
172831350
170002330
172718043
169474924
173736367
172630493
168527637
173025989
169310747
170268383
167159253
172151024
165146007
173093543
172086344
171250372
171884792
171911440
170810966
172778685
169658680
168627239
166778313
170723507
166343701
162743287
165716669
167113368
166414293
170915197
164837584
171151881
167118184
169666326
164890524
168876115
169433898
170487005
171051935
167341549
164515295
168240622
163977026
162950607
167069542
166908890
167808410
163039613
164971310
163489952
163090276
168593821
168758028
164695095
160115413
165516654
165455822
165111068
163069259
169241102
162595300
166253181
168411869
166080477
160574195
168337219
162740634
167454022
161645901
160768885
165913272
161331140
160407966
164681922
160845589
160558169
161588569
164954359
161968479
158575651
165884465
165777831
160000093
162187696
160794378
156901950
158665216
165125079
161698989
163384627
160113951
159043285
157834276
164230174
160129587
162548652
160269347
164926859
163171967
161600923
159319112
164085207
162119595
156032842
159730835
154816097
157172686
160184957
156455360
157709557
157243318
156689567
161739874
162925965
154365886
159424714
161945004
154638449
161037310
158040079
161184222
157785040
156064193
162299332
162361820
158593068
156035157
154450425
152968301
160518676
158490022
159695433
152747247
155171796
158805578
158121916
158828069
153392657
151954263
160578656
157540359
160652744
158092400
151364685
151963384
150752309
151682499
157713407
158303756
152481727
159107970
154828445
156067018
155764326
158090023
156906146
157741979
156176853
158085367
157825018
154487784
153897003
158488924
153152805
155914592
154152542
155593381
149154473
151085712
152927957
157638548
157775583
150138013
154262738
151158623
152828761
147733367
151261153
154504359
156820551
154490762
155225468
153518030
155077631
150958522
148969560
151230730
148348689
153326931
155586274
146968932
155409311
147202679
149611534
151121121
146382106
153074629
146710795
149440819
149739919
152057033
145568281
148796964
152294741
147140137
149997587
145416248
153107627
153336568
148567350
144828407
146879752
146329278
144766043
148655351
146304173
145012981
148563077
152778652
151254764
152977362
143384799
144239799
144983334
151982457
146456504
146586506
145276189
145582594
147676190
143066422
142565703
147301827
145700871
146254053
151162380
145430010
147414991
144390461
147893867
141322408
148860819
148958912
146101151
147514549
142176980
147572922
143216750
141098170
144283991
149170106
141490942
140275580
149200033
148306025
140603626
141685846
139681483
144644462
147036197
145665432
139106073
139212840
140934353
146914506
141092488
146825846
140218973
140237009
139674104
146185051
141440264
140274171
141128739
140692237
143586600
142347161
142126062
145492352
140276835
146326813
145990143
142203938
138427975
146465797
137527911
144608347
141929879
143658163
140528997
138555395
136498862
143576802
136779568
143895845
144260173
142817294
142663795
137792936
144752750
140766576
143334840
135025399
135409172
137570868
139778994
142863554
136725043
143707310
135877602
140313514
138579857
134370095
135029551
139087412
137324375
143493867
138888185
135197944
138213737
137540279
136171433
141491733
133924187
138672093
135705624
140538943
141031692
136748860
137911020
134630023
141791537
141412925
136715416
139550402
136085791
135314973
132669307
136639968
138418300
136481621
135937876
132683838
135487167
138290744
132482688
130970285
137910616
140098743
131816911
137793724
139143419
137063929
135379056
138060460
131651200
134618915
133893933
137183622
134347086
137178159
130822384
131275970
134416459
135049766
134396980
129355957
129393587
131507517
130968972
131898761
137674528
136742238
129022792
134242304
137384597
137139721
128193460
129127030
129240133
132106130
130411290
128325674
128897964
135144124
129606227
130887881
134617125
127903108
127691355
128302773
128479123
129599949
127872296
129270279
133428679
133528645
134962709
134656823
131741843
131426896
126614674
129580040
131822203
132570932
126307007
133666801
126979146
131366234
131420433
126572833
132835467
132798480
132122461
130624923
130956717
132187603
129494747
123717131
127342769
128596638
123450153
124408108
128158008
124992114
129279233
127992307
122799344
130395152
128655203
129121341
123044260
127980125
130128656
123282587
122047884
125705747
125559495
129032315
124336002
122432098
130671379
130010957
130437696
129514856
123447396
126586238
126051681
128213098
130262209
128819899
125568292
120807228
120031824
129260320
121188941
129417334
119579550
125352663
120287784
120373156
123317041
121989516
123378366
119262432
125139859
126264646
118902461
122541228
122649542
123143850
121955868
119806065
123735183
125781580
119406517
123598857
118017728
126384349
118279635
123483220
124904243
120346088
118021513
125702473
121141989
126467160
123763341
117861018
125686191
122530303
118029399
118305168
120332717
121176604
123732277
122068921
119509044
115473408
123937056
120970538
124222514
124220346
117891913
122644566
124659528
120226243
120878443
122312613
124154556
121296486
121201736
123766652
114593077
118401957
121946442
115548660
118582084
118272900
116104974
117435787
122053368
116186990
117515489
120030681
121964845
118343349
112848981
119884011
121077545
120639414
114529034
114924302
112923413
116333677
120153966
116384428
114101053
118372053
113324877
119988027
117934036
116136833
111886390
115181811
117243659
114979225
117145599
115186211
111437597
113870954
112126230
114432433
117230344
114995309
116306082
114539833
118266857
110050826
111794263
114649336
117055785
118344669
116939064
117242421
110419293
116543861
114027694
109353916
112640564
109450281
111221442
114570724
108578795
108955192
117284973
110777265
107555687
108061749
109029725
110982342
116276766
109606538
109351615
109312328
109343693
109283217
107830442
107729726
107119133
114553431
108005212
109795713
115745448
111856088
114474528
106971523
109836265
114807312
106238476
105551810
111249546
107760842
104986895
113201342
111845747
111213800
107500534
112645282
113410253
107810457
109164072
106150220
111110616
105206644
108086982
110078280
103563315
112801884
109955464
105994872
109544018
103693022
108481859
109137168
103747058
111564242
107310816
107963682
103298972
109008964
108983922
106263488
104058022
108389504
106273022
106877315
110921829
106983463
102790375
110022661
108835029
104918609
105288497
108395718
107788424
104887321
109347776
106768499
105947845
109697333
107165739
102393551
101104557
108912135
109104823
104384163
105919927
99862386
100640082
108228129
100366549
99657110
106103984
102522319
105209860
98640171
105895634
101345481
100877211
104465078
106695275
98393579
102386000
107325479
100544882
106066651
98741510
99490150
106621201
105535318
100603247
101494194
99203376
101224193
102259050
98495027
99098750
100189504
105906846
98666219
103554693
100039356
102709753
101163937
98631324
96955390
102309710
104767073
96632158
104290320
99880929
103297896
96433270
104568303
100523860
98258798
103237925
102093212
101966490
99537416
96747191
98262689
100435325
94348027
102515139
95214996
99858460
99410368
97418877
93791264
98752322
96177972
95588890
101133584
96323935
100664457
101324135
95968490
95709060
94064319
98248821
94849421
100252569
95837585
100168447
99050842
95427213
95246792
96671076
98401297
94767960
97393581
99455265
97577807
93684023
97709788
99837810
91551128
95093228
92048175
92708266
99171999
90200800
99173620
96386379
98301496
98796285
91406285
94583444
89569295
98223004
89895046
91874474
94569463
95245042
97689163
91930675
96722181
94103115
94655807
88744685
95475900
88536044
91992979
90564242
90370195
90695121
93765119
88871144
89238396
87537441
87831551
95951254
93474661
94655078
91727660
92514054
92923130
87351743
95862107
86528469
90662495
94855734
89607979
90110955
94173517
90641420
90971474
87912761
88820502
87466338
85439168
88968431
91917491
90264485
85316102
86958668
90978444
93181247
84986665
84179936
93213325
89329899
84948883
88794290
87974118
84210598
88784125
83319337
86345531
87645264
85340042
87194501
85625296
92238660
86253410
90538537
86349548
90801557
87940874
83276950
87478644
83217943
83367617
90844231
91129627
85368400
86330754
90497994
86884808
84732789
85746034
85857103
86783310
84849179
82488518
86893728
90281795
82746458
82527990
85757022
87513066
84568169
83101631
86113463
81971402
89119127
81962351
88978226
79964395
85978219
87106045
83136922
88219463
79012585
87787857
81423695
80707363
82060817
82770083
79297886
84416287
78001684
85208947
84476855
78010026
84433444
83622863
83592345
82100404
78186111
80538192
82746437
79918908
84887864
82803610
77045991
78579897
84480075
78356937
84265156
85555684
84169377
85567440
78728691
78188716
77926266
80462417
81292432
80942996
77546325
84299605
78767270
74881534
79597284
79474426
76841501
78183158
76008670
75102050
80695370
81108278
76112249
73800581
82920559
81199103
76281949
76676504
82913875
75057758
81884919
73319187
76820234
74171634
76835545
80004037
82295086
77131282
72307830
80226744
72954760
76747996
74993882
78765425
73459917
75424001
77606323
76399905
77467875
71653694
73493113
76699378
73583725
80756120
75119958
72418128
71529091
72898187
74410050
70396626
70813950
74971590
78216254
74100547
69815679
76014268
71298996
78177820
77416253
77223331
75492486
74851898
74805490
71239258
69082840
75015605
71751661
69102742
69617628
72165491
71795955
75693306
73869399
73721769
73221196
67692453
70797112
74656832
73397245
69732290
67531771
74500660
75868771
76769763
73863983
70307035
70536278
66410997
69752586
69379107
70687404
71588173
73833958
68259924
75617735
69179513
71126501
73766102
72558624
73353636
65518989
67019586
72898844
68135510
69456389
66556782
70874448
69980704
69599639
65356738
72142948
65829564
67697357
73407590
63945092
71910901
67235218
68953440
64939754
67902577
69855733
68484481
72002592
68090383
69012795
66151450
68802595
71984073
70840698
65099567
69821377
64666921
63756656
70757911
63947301
67977431
62472668
70338527
61942800
70002880
67187544
66410516
62243110
61388508
63352261
61511924
69301946
62613621
69224979
62974224
67261935
65825927
67930158
67627729
65263207
63533156
66965018
59788708
67927041
67693365
68263078
67986656
61059476
60188115
61048812
60989469
66044659
65122378
64719883
67054761
67497013
60552122
64462239
59314706
63674201
57822130
66045821
62344451
60455868
61801861
62208078
64209878
57511785
63313579
65124742
58026854
58316554
60027370
62854289
64219445
64589451
63440254
57392082
61900153
58839884
57183360
58246616
65361325
59954729
58929085
60197564
58183068
60452136
57528259
56895456
55903970
61890185
55035693
59108311
55349950
57294134
60468854
60298559
55496680
55200276
60876435
60571823
63299169
59648852
55040755
54733780
59191261
52902789
57497009
52786570
55839489
60214335
61516905
52511142
59190736
55930056
61490530
54835309
52077392
59146701
52736484
51550551
52192100
52826622
56993208
56976503
51377714
55221519
55215363
58499969
52206209
58271262
51562556
50643736
59889914
53895723
50761766
50474085
54425284
58344355
57146527
50327835
55029455
50815066
57478484
52037783
51704000
56740810
55824288
56211734
55716641
51470023
49928743
49451364
54789140
48394624
50752832
52756030
48129500
54049711
49906777
53899299
48566006
52383835
54218967
48850358
48830275
46974850
51824279
47803442
55014848
47984832
55900650
50352991
55908283
54439143
49173270
49886228
47533405
45965325
52190504
50821245
47009074
53448966
53032827
49767291
54719022
44960615
46553906
45816883
53087331
54321556
53218117
46003898
51457007
50934963
46228106
49983790
48699771
45453323
49885311
51334620
47119466
51635938
47868414
48681569
43125129
43925527
42926639
48368235
43568206
46956544
45850983
42720322
49311710
46041753
48600377
49530587
45707957
47843743
49718238
50188266
43893521
43049328
46517398
42278035
50635353
48849502
48481903
43484309
50403210
44037227
42528263
42189078
41814812
41924190
42138922
44130080
40039062
42194006
47511577
45255759
43927094
46931023
44222049
46178249
42849696
42995242
47897230
38862471
38625461
47194367
40419790
41624560
46722416
46919934
40716040
46689809
43243731
41812451
44180234
37573095
40683425
45235586
43402381
38361034
40710549
39400490
46385702
45711969
40694180
39536173
40208747
36892388
39088090
39751344
38500281
41688132
38464420
41338248
37311543
43286487
40710245
36667336
37137616
37563705
44462029
42831637
43870370
42582935
39675909
43232934
36422263
38458983
38541439
43991467
43137864
43537432
40477853
36409434
37512944
37704229
34484180
42749145
36100346
35579952
37722203
35797673
35494907
33431540
41429681
33239016
39847797
42063463
40560789
39333002
34854043
37378639
41305030
40967969
37014122
39107026
35871268
36718582
32865801
33743841
38176214
34116997
35146935
39311204
37673239
39038781
35761354
37531242
33587025
38216729
31409962
32327462
39188904
35731364
37784534
36080771
32233803
30713597
35540269
33664699
29398163
34807823
37609717
37144357
32408837
32501578
28506082
37034951
30249450
29948293
29406515
30775552
36659214
29657179
37345726
36694279
34647087
30303711
30810192
33581332
27956795
33261267
35541463
28153642
28011706
36446984
33162610
34862820
31782600
30178858
32381600
32666719
30233490
33437264
31796337
30485498
28027471
27586827
32420896
26389463
33665245
26382529
27471512
27430555
32817533
30371718
28628687
29502442
24223308
25198072
30320165
25333425
27160053
32529724
33035494
32995956
26968809
28948538
23380330
29094262
30972221
23177754
25784543
31502763
27142808
30622229
25325907
23790074
31977985
31924071
31762741
29365029
26750012
24596673
25866087
25827650
31382400
25250555
29231725
27219121
23211468
21677281
26178441
20819418
20957193
21938852
21407436
25736459
25027003
29985240
22795680
24498998
20447085
25344400
22892444
20318155
27637222
22580051
27740101
23460390
24850875
22994208
22765921
20180803
18626934
26058942
26793980
21209695
27470663
23552669
24320544
27829314
24494292
20853839
27113050
27327823
24593521
22834309
22141331
19921283
21568453
25666232
25197582
24339199
16729098
17376142
17047169
22953409
16480406
24267988
25698479
19267337
16159333
24907878
16784848
24978958
20105005
19149356
23822490
17783758
16884045
23630712
15428704
20302700
19363986
16466652
19428373
19283744
17818351
19595420
14945848
18123067
17035060
21229830
14514111
21735058
14964865
19908910
18914212
14683748
18256199
14479972
16552987
16990108
16940310
16481816
15112366
15942137
17174596
22057451
16948485
12671640
20554346
14337886
17916022
20214675
20699959
17697123
20075838
13528042
14871978
20872692
20455323
16615736
12273299
11095241
11599787
15948780
11692606
18443943
11808104
10051542
11939116
16483903
12447377
18848334
13448245
14742446
9905113
16531988
12125412
9103787
10607782
15206434
14768073
9894729
10998442
16420734
13807216
16379131
14116232
14093722
15009726
8605082
11634552
14148958
13490322
16568617
11572847
9905903
16456906
9862841
10088154
14380890
14462762
9166642
10127126
13572979
13117122
8209554
8763766
6885384
9954843
7848395
11433899
10983669
7909054
10552901
8719471
7343223
6575317
10190294
11138751
10318218
9381714
6405305
7086133
10154065
13273932
12444827
7344403
12287605
7224519
12884789
5728516
10684286
5244124
6293984
9708183
12870487
8948165
7949934
11159592
7918122
8647244
8720713
11353768
9024508
4418954
5487264
5799088
4890345
9387548
6340371
8800903
7242208
8102537
3078111
8178722
1230046
4945728
2510610
8973454
8093773
7522870
10458703
4133143
528448
7742339
7624826
7230204
