1003504892
1001702765
1006633826
1004980533
1000479543
1000807853
1008135844
1007121584
1001874421
1002007224
1003662095
1004831314
1007501054
998782820
1007941855
1001652934
1006677713
1006024641
998898591
1006789004
1007287369
997899776
1006403790
1004211609
998012519
1002728924
1000480786
1005991214
1000749875
1000217299
1001415732
1004849475
997575678
1002839633
996509353
1004942620
1005774912
1003983731
997826640
1003440852
1003998607
996427251
998852596
997696082
1004135345
1000615432
999985775
996131955
996916071
1001912472
1001078210
999082918
1004271022
1000014442
1000158552
1004337869
997868097
994322623
999594632
998263007
996133877
993948084
999507816
996537543
995528185
1003310528
1000020512
997404298
1002550232
994992128
998479501
997606107
1002397467
993756251
997742021
992909812
992335749
994392888
997123933
996655813
992519624
1001652813
993253963
992733958
1000735215
998654746
992215466
994195550
997597354
996764908
999314739
996104553
992064331
998831766
996038108
990954048
998219068
993143279
999430450
997062229
993485012
997787685
993957671
994645326
997418323
996429485
991887976
996542588
997676600
997544280
998862355
996182008
991039152
996610590
988759326
990516335
993529409
990977447
992837151
992163177
990343192
989640827
997519303
994150198
993097926
991514392
988732196
992827956
993513171
990255161
988024588
989213887
989957708
987690868
990279670
993929591
991812755
994513887
987350465
994460624
988307275
985870676
993844828
989309487
992560224
994295417
990308047
995166119
989423549
994996069
992766693
988169745
986083908
992749675
986804131
992071876
987690483
988765556
989101526
989545911
986921482
986454188
986341837
985071305
987597027
992756224
988239519
986460569
992508642
987285865
987022553
986653605
987182786
984637115
991233266
988241026
986271881
985997310
985970684
985886873
991244134
983673413
984833058
985416585
989405157
988193219
985523393
984430356
988516698
981481119
984268140
981924729
987447999
981327130
983115821
987382229
988050915
985874841
984427845
980224061
983945257
989160909
989211384
986090846
983976415
986252165
980466930
984042970
981420378
986405593
982226024
987144360
988171531
982927017
987412609
985343082
983472722
980626119
987021135
982349127
979131801
984093399
980532024
984423924
985786838
983676292
982371597
979762257
981494300
977594682
980092902
986651432
986543861
981005560
979333996
985387398
979159942
983392396
981163703
982889569
981968548
976061302
982525560
985069496
983909308
976394960
980000686
984378195
982573081
982553321
975862158
980824306
975281268
979045799
980541397
977175432
975203358
980977341
981043441
976151824
978137837
980170531
982281209
973762156
976657204
974826818
981000094
978365636
973914187
981678540
977799101
974173353
977738528
974769823
978899980
975740899
979454843
981511571
979530463
974348007
974407412
975704244
981649617
981099520
980525639
980559754
979167075
973404300
975517710
974877517
976773651
974063495
975634845
976895360
974500152
973292692
977382809
970692515
972283068
971250524
975640510
972599101
978419804
977547217
977207781
972426696
977163548
971053892
976270618
977737248
969799991
974526354
971181746
972113153
974531630
976220445
970727090
973305078
970551505
970769574
970503209
975286994
977168849
974945984
970424945
974078244
975788397
976106721
968111883
967600352
976867407
967243503
972495240
970300903
975844935
971441861
968197200
972512510
969243244
967525266
966507001
967348472
974153834
975374385
973308927
975217938
966884993
972387295
972135372
965862921
971734898
972541571
972910897
971952395
974327146
967965295
969676409
971233222
968175537
973156423
968371890
969198458
965700805
969590781
969646520
966060569
967276519
965792369
968198090
969993688
968141647
963795472
964397461
968089461
963845513
964498285
964803771
968165023
965449951
965997016
971147555
969868437
962421545
969123812
962457645
961700973
961660863
968749702
967315448
970507265
966943602
966452331
962606036
963206327
963038907
961165745
968294056
968468225
965620688
967485008
966618386
962534499
960718213
965969987
962169160
966715649
959972582
968693420
960912285
963408135
966321105
964230573
964237687
960779625
967028482
962196857
961771156
963154604
966584985
964331220
958312105
959952984
966099227
965795117
964340299
958221792
960303210
961093325
958956173
961382505
963569573
963489050
965401594
959365363
964504048
957955009
959177919
959725305
963543608
959953879
957766185
957917667
959762182
962619548
955914003
963359347
962669522
959070248
957658858
955111148
956623923
962583014
959776839
957133158
958780640
957935471
958996688
955429452
955974895
960298986
956886371
963245561
958053547
960634949
954859457
954710499
957854954
956449970
959352021
962504659
954457495
958023141
959278791
953293289
956275154
955521144
962078931
955842354
953247651
956633706
958119616
955665577
956817553
960205272
953802320
958444066
960155377
952140581
952923533
958280571
957724772
956569712
950772942
955408831
952956846
956430201
958654623
957650156
951149516
954061964
958717988
957129909
957678905
950393658
952458535
953285442
956831999
952086619
954018800
954699140
950012594
951979751
949647487
951449921
955295150
951205762
952803669
951704795
955186466
948531393
956132062
955662244
951216825
956412597
949419859
955649053
954388661
947304303
951175314
950188708
949041952
949994173
954176151
955037019
949645052
954341848
948665349
950765921
953109387
952565774
950324154
949661476
951451395
954926806
953325007
946621948
946860223
952686942
952167649
952097022
951186464
946733910
949630040
947433971
947067747
950009284
952425532
951805117
953698107
951530121
946345354
951265871
944658553
950959977
952109964
946579679
945078859
951977708
946937700
944095026
943833393
945737349
951495771
948293994
944957716
946819298
949652510
948272050
949052851
946129065
951582584
950591587
945537184
947957864
951265013
949819411
944744056
946674682
950950604
950355976
945551777
946321652
944673836
944397219
947753610
940898062
947372034
949363888
943477222
942844118
949462047
942874433
943247601
942861126
943877459
946319907
946180274
948320927
942271017
945174292
942344408
943183525
945495720
942311670
944326440
944157813
940728866
941435844
946337835
946400483
947218977
946798392
938266269
943547479
941828461
947251160
946256624
943275355
947010559
939543712
944184563
939782441
943658939
936726475
945719532
944938033
944524192
944942732
939144042
937957390
945261493
937110697
940238055
937116451
941189704
941986943
935515691
938327758
936421435
936515429
939537791
944484447
939460636
937973853
936689978
938507473
934770063
940277809
935455818
934103067
942832487
942896292
941219039
936026766
942968035
939514940
941912198
935822391
942032461
938663355
937887182
942062708
941678560
933261416
934059887
941948785
937211746
939156958
932773657
940499138
939915403
938570380
939695220
937401808
933741409
935330779
936010964
939383421
940207340
936743128
935939634
938291549
934100200
932569744
934337354
933668420
932533579
934131758
933433204
931695475
935506919
933524335
935126150
934187999
930762563
932805274
933989477
933451845
930657207
929343695
933671240
933881818
929594017
935655258
931206847
931808025
930904968
932995494
928772846
929943870
932648692
930915405
933486470
936816568
936733561
931323478
931202414
927788908
933666190
930057711
928543136
927540393
928800285
928635068
935954390
935439466
928656414
928625431
931881892
926411574
929095805
930192534
928310778
926200731
934151782
927359381
935147897
933079640
929172987
926805992
925107180
930603210
929827886
929693526
934096400
925765499
930592955
927679388
932379640
928779555
933046509
929396344
929717639
927702115
930322875
930278139
925718880
932425362
930045251
924468589
932799772
925249924
926331153
931195234
923948477
928014312
932009423
928572938
928887671
925466055
929572394
924937496
925788382
926224201
925206456
929978653
921640593
927634533
923486562
921493035
927823277
924113799
922438980
925114954
927254194
925410068
926875170
929694144
920856770
928720264
928612958
929224293
926011925
923004637
929402024
921115028
925978912
923317064
920757272
920345013
922756040
921451728
924384056
921415674
919324520
918494688
928166022
924618705
920312038
925629220
923643517
919151392
927287644
920361346
925832512
920178409
923736269
921372051
918108284
923517511
923070322
923844480
926121706
922942695
925110594
923280079
917598176
917200375
918754393
925736397
921944812
916452811
921678809
915913299
925398786
921745663
916096279
917978180
918397429
923992645
922426790
923257663
922857787
919775869
923586867
915672632
919379160
917872326
923382872
920147844
922844910
923530069
915035373
914129681
915790034
922018237
913576173
917908689
915097769
920778868
913381774
913677187
918430099
917777608
918777420
914959231
915149309
921252510
914727428
921981397
914830512
913329883
914907792
914053191
919843080
912949213
912853403
912740663
912904785
919674772
917342195
912580448
913430367
911538622
918990399
919658928
914724584
913290176
914866762
910680031
913914714
916774857
912172076
912293449
910744622
912428833
914654022
913797420
909589817
911921819
912784759
910542590
912689113
909473481
912132450
912822606
914442487
910746007
911035175
916289629
916651697
908510117
908776442
916270341
914395421
914005770
909823503
910501837
909800449
915144001
915178476
915590543
908211143
908692028
907100861
911580702
913066350
911192796
909634059
913932195
912291079
915476411
906361156
912096666
908329605
913279104
913100550
912945405
907121850
909671374
908194789
909873398
907117255
911933742
907260749
905484256
906134090
904269326
906938957
911009933
906034484
912488993
905941893
904123071
909675347
903467827
908636844
905804881
911011036
912094650
910294856
904895241
904062681
910156130
908385280
903958957
903625661
910849982
904283161
910508335
906616577
911696553
911313821
909215926
910844101
904258406
909542277
909307090
907730046
909319201
905196742
908420049
910572216
900706666
907280253
900601668
903803686
908208142
906038731
904969404
