351918941
419326334
949052851
493073391
109606538
969676409
440986410
99657110
249107960
956449970
523701374
320642521
382622952
148796964
542133271
896692520
349914181
985874841
672085298
513688412
95214996
70797112
935655258
650405109
819239778
9905113
121141989
944524192
654009578
33431540
490131419
436088595
597151547
604383494
466858949
171151881
680994920
475015693
300119846
477107317
868138710
371170006
796931153
534802627
640346908
114593077
514355235
519929905
608177383
932805274
739665325
607504931
145665432
880861972
721216155
67054761
657498582
856298715
862910933
372357000
637361804
415260474
953325007
784737986
90281795
737437320
891936217
428362392
337722500
461870739
695820850
121946442
677326915
632399817
689122071
631509729
804335381
253597823
590869477
614757263
698035373
827061612
845134661
299376778
42926639
929978653
122053368
986090846
369648096
88968431
272105844
885267439
86893728
972113153
539030480
516916610
384484449
993929591
867773851
877199206
701509745
154262738
346110701
855838522
830179921
623155275
75119958
841972545
339970899
38464420
230440960
511307868
844016837
541135022
873681533
770261501
963569573
281394680
607899414
148567350
287911798
384166239
149997587
170002330
168758028
397509556
91727660
813502014
53087331
282494181
63440254
194159587
518483154
140692237
652571516
399577235
51824279
479552055
237013176
787061995
12884789
891010579
155409311
286205229
9954843
481541152
982371597
885423564
82770083
939383421
940728866
760445505
200623102
576659784
797726080
840262988
680183378
221289755
286908288
578351816
878690058
698747124
802636706
1000807853
669253914
975217938
535000249
752616331
485165090
132187603
212304627
899568114
365198028
90801557
234268173
636751481
356273138
764786770
563083454
847784654
410395817
917978180
197966663
800219494
290463837
972426696
668572642
75868771
430910901
103693022
735493588
712655434
388412481
498977031
296754655
171250372
678584253
367759247
396594972
982553321
384158791
442848338
841175270
975640510
853581558
50643736
594546156
752620007
226965071
242242605
422151403
975286994
436588703
749980438
750351626
711062101
945737349
211094070
341869996
737110635
871472480
613602681
909473481
801763086
575402504
343951756
109312328
611623876
172151024
990516335
348661664
46931023
41338248
170915197
409849886
100640082
697495715
566281179
538505420
861589885
75693306
710157271
604814909
840644544
27113050
162119595
977175432
592300583
639779752
476808144
14116232
469077135
292690204
363880568
302388496
143895845
655371571
906038731
909873398
619971852
175268235
213200696
235526390
356237155
514241397
772043180
322132488
110777265
719021292
749863892
544634153
444176180
598824449
589280134
489797616
54321556
920312038
158121916
265825692
190098597
317794894
933881818
242818849
59788708
964504048
936733561
109351615
237753565
568923534
201657792
28506082
132106130
606134199
542910022
363539579
237013261
754187439
845424398
263321110
877455929
1004831314
863198579
957678905
563065833
379466213
673716321
545587927
148860819
898889654
591041595
138579857
435375855
634127438
602031688
1000158552
836442403
913430367
281842958
830199598
108061749
165730741
651059349
969993688
425831046
237330325
95245042
11572847
178494476
326083733
675151497
127691355
864941281
896336592
627293804
279320299
314245636
37034951
170225443
195149587
903731421
156176853
789143233
807948752
915178476
908208142
117055785
817277195
576736638
731703771
31977985
213684856
104767073
391432402
802866767
178368949
566423758
891331204
404526037
616657739
667055649
998012519
550371587
420450934
707237674
800895112
680559187
305424418
850623479
850155311
354543160
351355143
883634909
347818860
920778868
112801884
680268159
934337354
528976152
665353383
502283664
734711981
586048405
648609812
175453853
151158623
782332279
727996022
349705177
908385280
136779568
408323322
980532024
528234627
567405212
510206225
808499334
969799991
81971402
996429485
415307104
769123527
765869868
613251870
1001652813
907280253
367542670
220861332
336199043
900902297
648316717
958780640
260839261
665816115
876636708
270477801
68259924
746456374
888160638
511730945
277914504
8763766
214550372
635079810
836166644
243430140
189255037
911035175
645196753
37563705
768895386
540518885
432356104
569032385
777899257
71126501
895648120
697932686
498969227
479591478
986454188
252879052
997868097
345284632
899888738
176729645
881275739
381255401
394796749
820890287
689375132
912949213
824673254
386776351
264649417
944658553
883149234
934187999
523344818
453228891
870495847
452247101
879687393
862338690
355434454
60468854
769622616
857264390
640789771
660174248
740300400
558392080
355645486
631976517
189608088
172048916
741267272
11095241
248897739
98401297
217732818
473413865
299728251
861784183
973914187
608411218
787745827
823394099
278511594
147301827
481736247
235113644
688807870
671407283
743019203
413944640
377342958
496208285
55908283
367722477
535808926
283781898
298331578
638624792
311191254
187365810
117861018
938291549
90641420
566776389
603026743
642068837
626959303
630881437
841824265
785029554
399503923
432238774
875644490
411271254
318610344
509170885
155171796
795647925
29365029
687595440
352491820
145990143
22892444
367721159
178525778
25197582
259124735
99455265
751977735
472068552
642122551
425110646
467853771
784031701
773727344
828984171
980525639
569721354
450023274
543634788
305850158
67497013
470361851
423360061
813605043
680793099
35871268
556501962
997597354
301565611
887244054
123598857
326847974
691128613
883373064
289903073
705135283
222042521
179374196
50188266
499114317
690772399
427086862
724487210
764864070
551819571
381648698
530910912
956633706
955037019
616469553
158490022
596766073
795561835
424807791
612075129
163039613
231656810
900706666
451161126
365694011
478346439
520895685
479150410
298446672
90370195
669116392
985523393
801964632
438839646
989309487
280771772
826983387
355614343
339018629
734776070
241207632
511228294
808356402
235347221
37573095
176583577
74993882
134416459
545092914
644711774
280123029
609337345
919843080
504582042
742046428
926121706
789931324
819569414
953802320
457716367
106263488
83101631
924618705
821338525
153336568
717874102
361666560
568126799
521976338
951979751
885123349
94173517
713931048
878530754
473093149
203825851
881908810
707444222
84948883
826611041
71298996
625545606
283558142
182896120
597661723
946321652
264204583
462786794
337810572
591260826
428119742
98393579
550376275
51704000
261288021
153897003
624088550
854992364
881118725
894875068
402407720
726256720
436645571
197659630
850809460
682223128
162361820
519259295
912822606
73863983
125559495
274238534
107788424
704329714
16568617
938266269
274420255
548212443
284644325
414775824
870584603
211198136
470792759
378001314
540999871
96177972
129606227
109137168
885537069
314788585
903917619
601263067
793055638
169429242
653543662
707261917
94849421
812167914
281601598
873092090
261581432
325318734
596844572
329747264
711895198
60876435
6293984
355357230
892498523
129240133
687088668
755219722
948293994
460165962
231686900
575738011
135409172
953698107
869580673
459000186
979159942
976220445
577059956
933524335
938663355
660537946
687818848
218648623
298401439
304310623
997519303
884371601
596072145
963408135
532076272
904258406
656621310
349842137
636134378
755271666
341553100
331248677
757452951
297152899
248454305
874536386
890205627
108835029
259998609
130437696
434919995
590435608
507561448
50821245
185663978
862702186
568135260
474766231
523077230
358259013
264070038
753488812
389803266
367317822
378509200
846416400
977382809
415894110
255149332
333111602
538830405
583301197
533213406
989211384
986405593
611797870
618161693
800096313
646506511
596478808
810627202
345725918
251201085
199475024
307458313
952923533
689272147
450485546
410255994
812239946
927634533
192347154
354901286
611289462
601653175
183218098
345460948
386840820
262217275
250797664
643831130
381595296
361604198
396319554
950765921
226920110
24339199
534856107
873919224
36659214
736480132
814883124
135144124
338619249
280331103
203510016
700335650
867332971
725181556
488349373
541088427
481586057
359117958
895049325
646120786
829982261
839430182
820140919
109544018
215049742
30810192
120639414
264014842
611865949
474990742
570539575
305263161
484703228
584396419
559097286
494812957
978899980
935822391
574127814
452557026
20075838
30249450
960634949
87513066
574935540
74100547
638191121
117243659
524341957
508412510
265684523
617445473
100877211
640217818
876035845
830096337
171911440
931206847
913797420
788861586
363405385
698528744
699048700
572744335
374317933
646729301
532114529
665031643
729851683
756153888
190435001
808317533
758051488
155593381
369734710
713823905
692180227
660007928
840606524
144239799
894586540
35579952
225030899
749079221
248168799
852729335
455770674
391112411
441984104
984042970
228708334
157713407
98741510
76820234
627139736
789122802
754524511
946860223
449767053
900760008
117230344
831878325
309520867
828605928
868899125
462109405
933668420
370222668
641669892
208575282
634250612
922426790
706421178
965449951
389400144
615039538
424335913
784625122
140275580
119988027
720586453
770919446
940898062
47511577
508275226
54049711
111886390
616774280
839991860
73397245
252855873
757164570
419170828
347254668
812132411
294190663
913279104
997123933
503518952
833122416
953293289
140313514
488350099
71984073
48394624
632762898
184624423
551068668
69855733
473131018
364177068
741831355
419931654
790091727
567311986
886258768
777413389
405196570
366267594
547069579
42063463
576205431
264927493
25198072
169484957
186063816
192490624
923736269
525458213
41688132
11138751
465152687
111437597
83276950
617850639
46722416
148306025
898875612
530230948
873319459
79012585
267922569
425189180
831851177
779534833
411071037
110078280
860194684
69815679
118401957
646010804
811148345
764160666
409792439
